-0.000000000000000000e+00 -0.000000000000000000e+00 0.000000000000000000e+00 0.000000000000000000e+00 0.000000000000000000e+00 0.000000000000000000e+00
-5.600708820668720556e-01 -4.346524852115279947e-01 3.971212506383040020e-01 1.513286850841256970e-01 1.251741179745236299e-01 2.756046285468345403e-01
-1.088444097004268585e+00 -8.439156288224892721e-01 7.688654048220918691e-01 2.920926658581847191e-01 2.439162711440991671e-01 5.358093854150240976e-01
-1.554478028313744709e+00 -1.203246223223939149e+00 1.090699089836256075e+00 4.120814845702119866e-01 3.499991405392873234e-01 7.657187306134313198e-01
-1.929643160758914400e+00 -1.489793328790178339e+00 1.339776380444505532e+00 5.017931765844456660e-01 4.376046988616660305e-01 9.514457875259360042e-01
-2.188578130996482241e+00 -1.683244407870372994e+00 1.495782522628774203e+00 5.527885169394280984e-01 5.015288563193394111e-01 1.080616674598941174e+00
-2.310145778207272738e+00 -1.766671458780179949e+00 1.541777657328629925e+00 5.580452669061086723e-01 5.373861064624463335e-01 1.142874837028883483e+00
-2.278489194727260525e+00 -1.727377149793366540e+00 1.465040544180680415e+00 5.123124205459436142e-01 5.418141720186688826e-01 1.130385378449739964e+00
-2.079372399720709197e+00 -1.554219756999972946e+00 1.255078323555970821e+00 4.115395167511289309e-01 5.115161790884518167e-01 1.035989455158226269e+00
-1.693786827123399341e+00 -1.234024350084663935e+00 9.041612013516210355e-01 2.546114777021983855e-01 4.407820247347565834e-01 8.497910802974746325e-01
-1.142681946129667780e+00 -7.879434890086148835e-01 4.451606822086344173e-01 5.956113221528020613e-02 3.303784734060352113e-01 5.809879744088066733e-01
-5.818008960619548420e-01 -3.340428007584999581e-01 -2.184061505886120136e-02 -1.385908947062123031e-01 2.172312277441096895e-01 3.067421366338484723e-01
-1.635315543533035279e-02 1.240789046098421111e-01 -4.948381883440368667e-01 -3.395265688555997863e-01 1.026680359019433719e-01 2.954160040680739452e-02
5.481004439550667406e-01 5.814771777237195405e-01 -9.676187255840005275e-01 -5.401265869404319186e-01 -1.272841826357495182e-02 -2.481643747966285340e-01
1.109267603490638132e+00 1.037559259032623693e+00 -1.443031709173462129e+00 -7.427045802974778788e-01 -1.278774353858601054e-01 -5.253282698981711629e-01
1.667390013936987714e+00 1.492333245972589539e+00 -1.920712463896696809e+00 -9.467965587589424192e-01 -2.434151703257506349e-01 -8.025129100954165873e-01
2.148345193866024516e+00 1.882029269823745521e+00 -2.324937367772853758e+00 -1.116691979526579503e+00 -3.471583082600235848e-01 -1.044097450775617109e+00
2.520023618170487367e+00 2.182324252960092803e+00 -2.635111775266724354e+00 -1.245234775266514937e+00 -4.313781706327970977e-01 -1.234076447810849020e+00
2.789195567623126593e+00 2.400469880850940374e+00 -2.863517720579001669e+00 -1.339225796259733370e+00 -4.964416235408310452e-01 -1.375743139063045017e+00
2.943611847175041873e+00 2.526651469749912060e+00 -3.000371036959720517e+00 -1.394553213709380124e+00 -5.399872991066607675e-01 -1.463258921407922353e+00
2.970481047444417655e+00 2.550619900321706268e+00 -3.035454359580069816e+00 -1.406923315909253791e+00 -5.595487569289082641e-01 -1.490526249714561713e+00
2.817674582773869396e+00 2.428215898053447841e+00 -2.917762298577662783e+00 -1.353135558468925081e+00 -5.450021843855602510e-01 -1.431413898796037865e+00
2.486796814566535119e+00 2.160276383502218955e+00 -2.646534682235726965e+00 -1.232831406661065055e+00 -4.956419247801161498e-01 -1.285525610685848363e+00
1.948014995414213191e+00 1.717665052135550319e+00 -2.176923733823799889e+00 -1.023833974481530795e+00 -4.037244966057351725e-01 -1.034150202462124746e+00
1.369729544333079918e+00 1.241201666992812092e+00 -1.666207167431731362e+00 -7.968975534267223049e-01 -3.008341458865582685e-01 -7.597408442391430095e-01
8.678004903049758578e-01 8.351278947253799601e-01 -1.252593885175889543e+00 -6.175290401604544011e-01 -2.130840397207812154e-01 -5.267944050813458956e-01
3.268790408916238954e-01 3.982240487887543923e-01 -8.092605060128937877e-01 -4.261713356056052171e-01 -1.171578526774972873e-01 -2.748659265867547385e-01
-2.394710037655321810e-01 -6.097972298896530557e-02 -3.376087131321636736e-01 -2.219691222198860725e-01 -1.463242244670119596e-02 -8.278141899372953860e-03
-8.007263689962896835e-01 -5.161916393629906175e-01 1.306517086507007486e-01 -1.945872398604481246e-02 8.805551786098063383e-02 2.569793312819559361e-01
-1.363260679464586955e+00 -9.709828996772605914e-01 5.943325830762798967e-01 1.799972113403823237e-01 1.911600178415317486e-01 5.222679760709364460e-01
-1.927879588547796175e+00 -1.427042138051802356e+00 1.058240935125367432e+00 3.791096063012484030e-01 2.951408330937900226e-01 7.887818817405369831e-01
-2.464443361271169142e+00 -1.856914001039438489e+00 1.486481599193945957e+00 5.598205340547866005e-01 3.969738643382101917e-01 1.042480661272966014e+00
-2.943379697466874223e+00 -2.234134554869124045e+00 1.846242013308914354e+00 7.054099046992795552e-01 4.952912167708821145e-01 1.271123860535506189e+00
-3.329635602491260116e+00 -2.532655799330899793e+00 2.117969161263836497e+00 8.087313661681762023e-01 5.849535389480343683e-01 1.460491680796980107e+00
-3.620693425623854100e+00 -2.750347764618748414e+00 2.299296987205579956e+00 8.686562305874163670e-01 6.657110632324447774e-01 1.609510090868310650e+00
-3.814008268661155387e+00 -2.885057445175904345e+00 2.387833879967056205e+00 8.840436344166286986e-01 7.373112890775892492e-01 1.717093421299249911e+00
-3.907007869414862000e+00 -2.934608701201133929e+00 2.381162563800631293e+00 8.537404863897641860e-01 7.994989713425687539e-01 1.782144314616786573e+00
-3.897092485210106094e+00 -2.896802160155033334e+00 2.276839989111549389e+00 7.765814154557310056e-01 8.520161086070404677e-01 1.803553675563561720e+00
-3.765960389771116024e+00 -2.757970129262317549e+00 2.063919684839332191e+00 6.487719600811101550e-01 8.908403971654531572e-01 1.772798795824841012e+00
-3.501756312478240929e+00 -2.510625745555990385e+00 1.739856860639890535e+00 4.712056219005049118e-01 9.112540656918750592e-01 1.683463260942514861e+00
-3.142836723347761652e+00 -2.183907708906636103e+00 1.329215859668783306e+00 2.530508144029833262e-01 9.208643703989612961e-01 1.553038371023234054e+00
-2.601439739172530796e+00 -1.722664648485670247e+00 8.145327980640006960e-01 1.495434700722467593e-03 8.856475045287466319e-01 1.334892609379559225e+00
-2.048699153869229406e+00 -1.252069019252582516e+00 2.893706729031206848e-01 -2.544199424789361230e-01 8.471504422620418362e-01 1.110340592275634863e+00
-1.484556938076001975e+00 -7.732757271770781538e-01 -2.421032876859452732e-01 -5.118121305139653465e-01 8.041169616505260409e-01 8.790517146896780210e-01
-9.179336357477947406e-01 -2.944756936426375371e-01 -7.692721763862753193e-01 -7.651209093520353610e-01 7.566936440936709030e-01 6.446128440641591961e-01
-3.605435759068581492e-01 1.820233925016110366e-01 -1.306757728414832176e+00 -1.027671043577145005e+00 7.168342971281878029e-01 4.162448131513261651e-01
2.090782300175751673e-01 6.724855289994162710e-01 -1.868165097509064454e+00 -1.304489398634519404e+00 6.802165713301979721e-01 1.841325626569784157e-01
7.600248867073744474e-01 1.147334900872915453e+00 -2.415182950130904338e+00 -1.573317282608324819e+00 6.393391904916017054e-01 -4.412259861325087268e-02
1.286588282092038682e+00 1.604627686093233807e+00 -2.954266052135167797e+00 -1.838631321352014458e+00 5.936761700506320016e-01 -2.678084347451484271e-01
1.812204257767307425e+00 2.060689759541391108e+00 -3.496149270703709622e+00 -2.102398993526411353e+00 5.346929281683195923e-01 -4.996205326746026021e-01
2.348613909026591617e+00 2.522216991371487804e+00 -4.042045353580302702e+00 -2.361971226890406950e+00 4.539292983545349380e-01 -7.480870852164069884e-01
2.899437385737079431e+00 2.989552166416491019e+00 -4.587706459399764292e+00 -2.612308865704924710e+00 3.433872956223900652e-01 -1.018698574000915569e+00
3.391437558341249048e+00 3.387465588615335310e+00 -5.019518098805211714e+00 -2.788101760183164135e+00 1.915292588564987131e-01 -1.287681518573857264e+00
3.837277241775617576e+00 3.732287236454197910e+00 -5.369085574899606250e+00 -2.908747515435768261e+00 3.168535686272776989e-03 -1.558534463965422168e+00
4.230781382061352680e+00 4.018287689786552264e+00 -5.629576237135896832e+00 -2.970228794070414402e+00 -2.234875968001530655e-01 -1.830007810162147974e+00
4.543548298961025189e+00 4.219296312055080378e+00 -5.766412017530352152e+00 -2.954564308861963529e+00 -4.870478680265585836e-01 -2.090180818056412093e+00
4.793112106759193303e+00 4.352346108829967974e+00 -5.804660117135020947e+00 -2.874984604223112861e+00 -7.890375875868724798e-01 -2.347164246680071731e+00
4.861546641144721903e+00 4.313043535537010698e+00 -5.609338499778909082e+00 -2.667339771203688592e+00 -1.103161947797521414e+00 -2.539735769180664349e+00
4.796237706458707173e+00 4.151882796438203016e+00 -5.257935856690878929e+00 -2.378360720728657896e+00 -1.414005244738704370e+00 -2.678793582372306137e+00
4.637405600490591695e+00 3.908650947622914096e+00 -4.806955431685581814e+00 -2.040193676763338182e+00 -1.715548594060872789e+00 -2.777041436038174105e+00
4.378903789467771368e+00 3.583030465462793579e+00 -4.261731006662548893e+00 -1.662079561571424779e+00 -1.986933300157063265e+00 -2.820540718031105065e+00
4.105369012561471465e+00 3.248005719829165638e+00 -3.713248923089551123e+00 -1.285311773945564617e+00 -2.251398074133500682e+00 -2.855350410889834212e+00
3.814369838495945686e+00 2.901189640936308045e+00 -3.157316786381025864e+00 -9.080031862719502023e-01 -2.507192732616447817e+00 -2.879340390580741538e+00
3.511882698974523986e+00 2.547085359585308684e+00 -2.598167505466567828e+00 -5.314806844241013462e-01 -2.756883442602919398e+00 -2.896124592818697607e+00
3.189917787983547193e+00 2.180616843396258719e+00 -2.031200346798423428e+00 -1.563065521866753294e-01 -2.990404999596316671e+00 -2.896920597599822234e+00
2.868782930925910080e+00 1.816810440163844742e+00 -1.471785838496272758e+00 2.137097593774148208e-01 -3.221640397098195052e+00 -2.897251049622550312e+00
2.563677916761799125e+00 1.462088426070282221e+00 -9.195580210429372681e-01 5.875635528791858242e-01 -3.478774337958988827e+00 -2.918493870972652005e+00
2.237717534054378898e+00 1.092971849597109246e+00 -3.551040350641633814e-01 9.627975342869197206e-01 -3.720337584651543406e+00 -2.923323681064620150e+00
1.899578234287840006e+00 7.173049832485026700e-01 2.115545867594396112e-01 1.334286009688815611e+00 -3.946884046746015340e+00 -2.915410624797559080e+00
1.556059595446400268e+00 3.404246821978959003e-01 7.745827189256176970e-01 1.700002057040740588e+00 -4.161776905167127616e+00 -2.899231530200796936e+00
1.212112566776966771e+00 -3.463115421911559105e-02 1.331828650312179674e+00 2.060551951156408990e+00 -4.370566324009241832e+00 -2.879744553226185833e+00
8.724547427202791194e-01 -4.111918134869856911e-01 1.896348111315854457e+00 2.431799394519288615e+00 -4.602013969136665494e+00 -2.874600191627251888e+00
5.272774389741903267e-01 -7.907466213159337620e-01 2.461742893644736974e+00 2.801414772843345169e+00 -4.827215627540926590e+00 -2.864033770919144128e+00
1.784853305831196058e-01 -1.171756025428317027e+00 3.026306764973083485e+00 3.168720234134001057e+00 -5.046854030981114292e+00 -2.849147688137061873e+00
-1.727088975926960868e-01 -1.553825964582569386e+00 3.590394587064686061e+00 3.534723517029856765e+00 -5.263528198955911286e+00 -2.831831189442357566e+00
-5.258634437039179099e-01 -1.936834337942296980e+00 4.154219363361767670e+00 3.899844023035292651e+00 -5.478187106951172503e+00 -2.812766089587257490e+00
-8.807482724602507806e-01 -2.320698405390496877e+00 4.717864388141998155e+00 4.264252788127541827e+00 -5.691205468475645013e+00 -2.792237084568429228e+00
-1.235729210994521710e+00 -2.702226115421753949e+00 5.275319083095845407e+00 4.622772809885919543e+00 -5.896125398897138936e+00 -2.767312521857757446e+00
-1.572200267956559872e+00 -3.047787406606184302e+00 5.764322676881641350e+00 4.923130496930365751e+00 -6.030680243435006638e+00 -2.710913920787594300e+00
-1.865911805482053154e+00 -3.327061825019896890e+00 6.136541433018804170e+00 5.130377387402118572e+00 -6.064615428863306512e+00 -2.615772837473004486e+00
-2.129341679609157545e+00 -3.570965812363566361e+00 6.454133941243767048e+00 5.300107631755901494e+00 -6.070962278832957359e+00 -2.517244537657785663e+00
-2.356978966305046441e+00 -3.771677186506617208e+00 6.703913260884199588e+00 5.422090060084024721e+00 -6.039186218973590314e+00 -2.411648218693815071e+00
-2.511554687772564076e+00 -3.874406872318536088e+00 6.791731403280168777e+00 5.422498327955453945e+00 -5.891869540094051949e+00 -2.270783203074086654e+00
-2.601383856162711616e+00 -3.897938702449671222e+00 6.754629698901037038e+00 5.333913148397261494e+00 -5.670738792413091645e+00 -2.114379812858771857e+00
-2.622592748488510317e+00 -3.838912674338676556e+00 6.588561204881758115e+00 5.154394120962343173e+00 -5.376372567648858514e+00 -1.944239232275160489e+00
-2.576228679119666687e+00 -3.700441169829634891e+00 6.300058137271462577e+00 4.889877478142206968e+00 -5.016704771102833860e+00 -1.764308173512042721e+00
-2.475964674220789252e+00 -3.502118446315964917e+00 5.922493363918462705e+00 4.566203526225740106e+00 -4.618074547377449157e+00 -1.583781615695840861e+00
-2.336411500541530017e+00 -3.263421512167572924e+00 5.487954465271175586e+00 4.207396781942962960e+00 -4.203186833936245925e+00 -1.409495888487852344e+00
-2.189703977298350424e+00 -3.026834331465543038e+00 5.066095462394523352e+00 3.865428944658894306e+00 -3.820796790413723887e+00 -1.255850603602427507e+00
-2.007506832569808441e+00 -2.751113338371185879e+00 4.586316646830931099e+00 3.485182843138209474e+00 -3.413648317298860757e+00 -1.102293080050830820e+00
-1.907787061370047388e+00 -2.595403906337537148e+00 4.311992082302777085e+00 3.265273878681611119e+00 -3.172889777432676972e+00 -1.008399484676849367e+00
-1.793268668974693725e+00 -2.424143990376620650e+00 4.015393917713935501e+00 3.031288737822142032e+00 -2.924665822276241389e+00 -9.161130006506826851e-01
-1.662512237169609719e+00 -2.235037070663951297e+00 3.692448557463146930e+00 2.779932921173424276e+00 -2.665304540305310166e+00 -8.239688383996170984e-01
-1.462579935656029839e+00 -1.957092261344857365e+00 3.226018840663637643e+00 2.423122996938460449e+00 -2.310586728218389840e+00 -7.060859961160766973e-01
-1.244931242008477934e+00 -1.659492506335682460e+00 2.730406138841110497e+00 2.046911120977902510e+00 -1.943008781131277063e+00 -5.879663250468639690e-01
-1.013146996696457247e+00 -1.346412835594026136e+00 2.212005659079827158e+00 1.655715753613999919e+00 -1.565919305326479494e+00 -4.700689756741634473e-01
-7.699455186472674573e-01 -1.020838808790705432e+00 1.675222495840076986e+00 1.252439653514851425e+00 -1.181175858383794797e+00 -3.523664374439069991e-01
-5.181176543919316924e-01 -6.858296012469814462e-01 1.124563384333774341e+00 8.400482057569251815e-01 -7.906658299921698330e-01 -2.348198972785343619e-01
-2.605086461642796558e-01 -3.444996000219684440e-01 5.646112903365890778e-01 4.215537652229909282e-01 -3.962989839224367317e-01 -1.173820652078720883e-01
6.389232585389051030e-16 8.446476462265334180e-16 -1.384100841301770767e-15 -1.033235029312930067e-15 9.709494414698528049e-16 2.873344107339112918e-16
