-6.800807149279620711e-01 -5.365689810029310447e-01 5.130588927437171876e-01 2.068496911176479214e-01 1.397630575201777581e-01 3.278786671159146238e-01
8.970709661792535883e+01 7.184994548591684804e+01 -7.180343210791473041e+01 -2.988936960798856290e+01 -1.820275857068477166e+01 -4.358065858642715540e+01
1.758240891528635643e+02 1.408400675775744730e+02 -1.407991504550322475e+02 -5.861701745070008940e+01 -3.569386356579155972e+01 -8.544061966600617097e+01
2.571017953648418484e+02 2.059028618262381372e+02 -2.057468382573727581e+02 -8.559367390795141262e+01 -5.229503706386587680e+01 -1.250080920578199226e+02
3.263277492164722844e+02 2.614843929060889991e+02 -2.617018852874076629e+02 -1.089745092347716735e+02 -6.639331381455978942e+01 -1.587550526128044623e+02
3.950813751572996466e+02 3.160378541301114410e+02 -3.149172225440103716e+02 -1.305370832757771211e+02 -8.102204999889539749e+01 -1.925179850600897282e+02
4.064179002014807907e+02 3.270109241141624352e+02 -3.310729684567383515e+02 -1.390318073331399091e+02 -8.220376645882825528e+01 -1.979594562512946823e+02
5.586974506177923558e+02 4.418662116238020872e+02 -4.269429505060111296e+02 -1.716952972892227649e+02 -1.193580039612102439e+02 -2.740731936698838922e+02
4.801125283660492187e+02 3.838175959545941964e+02 -3.822754292654169035e+02 -1.577469871713037719e+02 -1.002748546670659522e+02 -2.354992010741558772e+02
3.534419842543486538e+02 2.697959284912749922e+02 -2.345523855696870896e+02 -8.382103056662266738e+01 -8.436256906927070531e+01 -1.765738117649001993e+02
1.660765232102105813e+02 1.213150725409558248e+02 -9.041068007877673551e+01 -2.541484811724859583e+01 -4.502277371263596706e+01 -8.514245984153822633e+01
-4.208008388979098413e+01 -2.656505086530081172e+01 6.616956380175968988e+00 -3.547642440008257569e+00 1.148183445803441849e+01 1.951986611617167711e+01
7.051364745413928325e+00 3.264694469353170092e+00 2.302775727324836819e+00 4.175456610184212991e+00 -6.242445185338769242e+00 -6.637311117845151820e+00
-1.347452822232064662e+01 -6.683238194649262276e+00 -5.502785630855274945e+00 -5.192647571134273221e+00 1.932488456302234647e+00 3.720483725020527377e+00
3.341289515595818216e+01 3.346054719411248612e+01 -5.315064613658636006e+01 -2.700699726166437742e+01 -7.567131669786554937e+00 -2.036105247660460194e+01
-2.295071316447774450e+02 -1.941542106769227303e+02 2.208073462157503002e+02 1.031552784522570931e+02 3.502228629000573079e+01 1.061342717765614623e+02
-3.512955980626209112e+02 -2.902470494094526430e+02 3.131639291441107389e+02 1.399284181123246356e+02 6.167403309954722346e+01 1.663447825821085928e+02
-2.597862414479702124e+02 -2.056709317516494195e+02 1.976455279686551023e+02 8.136546962363540558e+01 4.953218290687625114e+01 1.220610151831927084e+02
-3.419202687533071980e+02 -2.753943190134820043e+02 2.781430318121795153e+02 1.185339523334674254e+02 6.394599786487416537e+01 1.618944797918509266e+02
-3.118285042802436919e+02 -2.468838204258554470e+02 2.369628062677166724e+02 9.788722473249582379e+01 5.832498874246244469e+01 1.454803733607833180e+02
-5.661559843567496273e+02 -4.643481482215713640e+02 4.937954762810849729e+02 2.158423996913215603e+02 1.080625688914394829e+02 2.743135474244403440e+02
-4.798787476442089428e+02 -3.892162253250809272e+02 4.017107098763022464e+02 1.723600383801549754e+02 9.244966249996345198e+01 2.310754441126389338e+02
-4.664006679464395688e+02 -3.884372529338531308e+02 4.320351503709894700e+02 1.906157133467470999e+02 9.662717276159230551e+01 2.359729761344934786e+02
-3.077550088272025164e+02 -2.700954248783475578e+02 3.413407441661607891e+02 1.572758825912115981e+02 7.215039635291903153e+01 1.704272171623456700e+02
2.104734457424956133e+02 1.907473460172178079e+02 -2.543574603274729213e+02 -1.235783216928386850e+02 -4.001604672757703440e+01 -1.110461092674884327e+02
-1.084898037517787373e+01 7.916265387734343406e+00 -5.718911575802579961e+01 -3.548635833252374283e+01 -1.205552992960080561e+00 -6.299773177450926021e+00
-1.008945587414042251e+02 -8.836228870729226514e+01 1.114907168450325798e+02 5.093723301753244925e+01 2.473566066807117281e+01 5.676442924724329941e+01
3.535842054989251437e+01 2.474346282395466545e+01 -1.288232018866418471e+01 -4.142912594430372408e+00 -2.043831864022051636e+00 -1.061170570891852805e+01
-1.671199214262699462e+00 3.543197121040835729e+00 -1.740650978749266287e+01 -1.118172417101857441e+01 1.292937948163494832e+00 -9.098879361833804857e-01
-2.747118796866440960e+01 -2.230047635565213682e+01 2.241175050307078465e+01 9.819296108110943777e+00 3.823953411609886555e+00 1.232534533188687931e+01
4.660355516852978752e+01 4.917734209585464811e+01 -8.011853814850350375e+01 -4.412996460938292387e+01 -3.218647767730075104e-01 -2.189901851632735230e+01
1.915714092641081834e+02 1.741129570772337445e+02 -2.248585800440450839e+02 -1.144373709464370705e+02 -1.386002000793314082e+01 -8.451308423604291420e+01
2.775300776475555722e+02 2.326159866857837244e+02 -2.521806087661660172e+02 -1.193606206916285970e+02 -2.697190054256086356e+01 -1.167071229038070896e+02
2.639687302625564485e+02 2.248988161659078457e+02 -2.535739218889956703e+02 -1.221561113981213396e+02 -2.446299496444792965e+01 -1.121417364296242170e+02
2.747855211839524259e+02 2.332455376022526536e+02 -2.606478543961878813e+02 -1.251175521301039453e+02 -2.560600171056524132e+01 -1.163525950174084613e+02
2.880700580688701962e+02 2.439460272539550374e+02 -2.713597230898827775e+02 -1.297486316163918332e+02 -2.780831147585255891e+01 -1.224145000957333451e+02
2.675677242428046725e+02 2.295583518240299270e+02 -2.622727715848699859e+02 -1.277417653005049516e+02 -2.216786043591661226e+01 -1.124934163537102734e+02
3.802093467754959306e+02 3.135620320654909960e+02 -3.291785544268562944e+02 -1.508244821025209035e+02 -4.688571058572777162e+01 -1.648515242136410279e+02
3.831469697657936422e+02 3.105566375110184936e+02 -3.136295276026071974e+02 -1.386856536342035042e+02 -5.553524034625242933e+01 -1.696016643596586277e+02
2.002516510019978568e+02 1.801965689615869053e+02 -2.253761910321894391e+02 -1.159480357514846389e+02 -6.924402494348224302e+00 -8.130752831837655492e+01
4.160027125794183007e+02 3.096239114029891084e+02 -2.475507849866402807e+02 -8.324056016201565456e+01 -9.928072970864813840e+01 -1.993448114326015173e+02
2.292581115721596916e+02 1.611252364754615485e+02 -1.051954418432968197e+02 -2.247628925728750104e+01 -7.053093283057039287e+01 -1.169812930321403428e+02
-4.140833150293464371e+01 -2.877197841428110792e+01 1.593561109377035478e+01 3.638664260548969853e+00 7.721205587634895728e+00 1.697807154442368471e+01
3.788344757199831214e+00 5.893067275754997780e+00 -1.372206155105852510e+01 -8.027403709643989416e+00 3.101545105995179852e-01 -2.636325894127204084e+00
-3.214146397207901629e+01 -2.020598979873965106e+01 5.127883291566695867e+00 -2.424317264617872780e+00 8.927528361455388861e+00 1.441973780816575257e+01
7.897841630763635123e+01 6.982686301800384854e+01 -8.346221402782296650e+01 -4.268331024812481189e+01 -1.457770722733057189e+00 -3.085508843359390241e+01
-3.759122105482152421e+01 -6.609229611775755409e+00 -5.663507005048245446e+01 -4.449037060076654626e+01 2.176860970549038043e+01 1.830753132746545475e+01
-1.314379678313457873e+02 -1.213206112571366901e+02 1.432012863486185097e+02 8.395099191219735246e+01 -3.749061498052714825e+01 2.683760580041782973e+01
6.954650774935185353e+00 -1.340839200197580405e+00 3.829048847946401768e+00 1.472523893895760771e+01 -4.580315022196604957e+01 -2.953581000447800520e+01
6.455177844301204004e+01 5.864865255543659828e+01 -9.186488760050774260e+01 -3.860935282452167172e+01 -4.442109803543908697e+01 -5.350105609506291415e+01
5.085507412368411906e+01 2.180384013274573363e+01 1.232055217777934475e+00 2.930870737396912418e+01 -9.117451801547299794e+01 -6.961847940834948645e+01
-1.460284652139494028e+02 -1.748751369645976865e+02 2.883003740909250041e+02 1.912921804776686088e+02 -1.133410631420260728e+02 -2.007171021309731795e+00
-1.872384909986242008e+02 -2.083200437515304486e+02 3.213558638454498464e+02 2.063485282441073139e+02 -1.095159323415904851e+02 1.480590408416004244e+01
-1.530272447664714832e+02 -1.699660560598932477e+02 2.549945226047518929e+02 1.680291709570007868e+02 -1.057033416781640227e+02 1.507072307108626497e+00
-2.406953555930842867e+02 -2.512107595479671431e+02 3.638695463555667402e+02 2.246556922930378164e+02 -1.006188764754850382e+02 3.898366677978141581e+01
-8.880144523550113433e+01 -1.117232149861505661e+02 1.730202756711688323e+02 1.297561009375239109e+02 -1.274842382248329500e+02 -3.717286508503772069e+01
-4.719554011652837175e+02 -4.500925704931824498e+02 6.097212044576872358e+02 3.361805542885219893e+02 -3.869749969220687547e+01 1.636173211685641888e+02
-5.205306793310842295e+02 -4.737870213328548630e+02 6.133805338133757914e+02 3.152599137356031065e+02 3.227684986827866709e+01 2.207285498547753377e+02
-2.671855866038245040e+02 -2.313391571245251157e+02 2.762558566878262241e+02 1.328486323424602062e+02 3.679363621831077324e+01 1.220675232397587138e+02
-2.677870189988134371e+02 -2.210145170798131460e+02 2.517803605053176739e+02 1.064943821349985313e+02 8.083183033442881538e+01 1.468429400880901596e+02
-4.283440124891394873e+01 -2.447627206547821643e+01 3.433492062974142556e+00 -9.530730747521225510e+00 2.792277906868818249e+01 2.922564981321973931e+01
6.635774760479414836e-01 6.002614795155545302e+00 -2.342651999818732378e+01 -1.352621678845493491e+01 -3.462374326843640659e+00 -4.467324169354916386e+00
-3.792236207635042433e+01 -2.549544851102517384e+01 1.550066672486163633e+01 9.139820991045367604e-01 1.820463579238603558e+01 2.305191396403960269e+01
-8.458613201914414503e+01 -5.521430577343893731e+01 4.115675136412574631e+01 -2.171750599840460705e+00 7.324937638246665017e+01 7.194974957219477574e+01
4.634613580643858199e+01 3.659361571891862042e+01 -4.683594708174105392e+01 -1.425741690277861728e+01 -3.839301901134029293e+01 -4.060960410884713667e+01
4.308177229819735743e+01 2.464398480333560926e+01 -2.006996286487008163e+01 9.754498981767575572e+00 -6.923974677427314361e+01 -5.605115731639726562e+01
-8.241240215520599577e+01 -5.705167498507243096e+01 5.031950122123684110e+01 5.848749699311238892e+00 6.486155592496938027e+01 6.707740699228585868e+01
-3.425672334587144263e+01 -1.815627842458079400e+01 5.522730769039204013e+00 -1.119388342130274872e+01 4.318300077634130929e+01 3.635623075517042224e+01
-1.757089932162724821e+01 -2.256412647176753161e+00 -1.553632885451391843e+01 -2.305406378578217286e+01 4.566318752284431781e+01 3.129636240661586655e+01
1.334681354514031426e+01 6.357914623756612649e+00 -4.257258050210701583e+00 6.173905110780388839e+00 -2.910361858673728008e+01 -2.185373858674379832e+01
7.509856077664699647e+00 -2.944566636883185318e+00 1.264327369238630538e+01 1.950284938699602222e+01 -4.294289168035466986e+01 -2.711701438622886329e+01
-2.321332529774512921e+01 -1.107633446698489266e+01 9.975269085042547390e-01 -1.060175048869994185e+01 3.446941736295703151e+01 2.755976825068349356e+01
-8.024281717521160928e+00 -3.460106294175037789e+00 -1.666288769861916208e+00 -4.554574046475302396e+00 1.052377767343160642e+01 8.491210976959207457e+00
-6.859004306067308043e+00 -2.835605289090498360e+00 -1.799411686141774158e+00 -4.191748878801597300e+00 9.259019977075162444e+00 7.384184081551760315e+00
-6.265318467939138714e+00 -4.102044121914069308e+00 2.028146585755936648e+00 -1.158284163192324495e-01 2.761696036020169664e+00 3.609030015139422787e+00
-1.778537698094193154e+00 3.237709590433434759e+00 -1.099726073348856659e+01 -1.083194542702100449e+01 1.517126611675197090e+01 8.732820371648179147e+00
-1.619931714118514421e+01 -2.344379867787015925e+01 3.889397014146257447e+01 3.119457471900904721e+01 -3.506432608575915566e+01 -1.330856443856032811e+01
7.305920170091120269e+01 1.422964803547674535e+02 -2.705684613350396717e+02 -2.303993204489256073e+02 2.800595881510599838e+02 1.256126564540117840e+02
1.245611883358496215e+02 1.967757879634995675e+02 -3.491021764900026483e+02 -2.802709249921585410e+02 3.070471471617388488e+02 1.205396170562194271e+02
5.792068081046257788e+01 4.711556751779394858e+01 -5.485110277317836136e+01 -2.131400769747659751e+01 -2.522333087348201630e+01 -3.652123763006457580e+01
1.548162340084549840e+02 2.117779055505355643e+02 -3.536070218905045976e+02 -2.678169046089851690e+02 2.596905897169511377e+02 8.283915730473059114e+01
1.718752061223749195e+02 2.224713649523590959e+02 -3.615793889792765867e+02 -2.662830486207299714e+02 2.413953981405296929e+02 6.620920626349287375e+01
1.455426300763396057e+02 1.642891662724115065e+02 -2.474695370791685605e+02 -1.663057505006052281e+02 1.140928058980138218e+02 6.383635026980976512e+00
2.317974380728988137e+02 2.908975969137270567e+02 -4.648350952531162079e+02 -3.366911716627373039e+02 2.926748116727917477e+02 7.133834323103798170e+01
1.871942598173814645e+02 2.192362436734548794e+02 -3.371132462781696972e+02 -2.333826131465166327e+02 1.777134424523274276e+02 2.536718544574374690e+01
1.636699694758272869e+02 1.843313376750011798e+02 -2.767343742160774127e+02 -1.859950932602584430e+02 1.280598270372469756e+02 7.174566344141028118e+00
6.775834015785646613e+01 5.359085813319987324e+01 -5.920447463224835616e+01 -2.120120197250347971e+01 -3.213542181637313178e+01 -4.386831006316501913e+01
2.101502525087887463e+01 -4.335937778759508809e+00 3.271105595493861529e+01 4.489139471616478971e+01 -8.848179533397126306e+01 -5.679137530697259706e+01
1.777182976985791072e+02 2.166997370218287244e+02 -3.405699678558515302e+02 -2.425989145917217797e+02 2.016475442154057873e+02 4.227896182282351845e+01
-1.328262910523604319e+02 -2.018476819974295893e+02 3.517825205508153772e+02 2.792727470529636662e+02 -3.000582853462966568e+02 -1.137363365158322921e+02
-1.452905393616203753e+02 -2.113122686860941712e+02 3.616919706153360607e+02 2.822066034005443385e+02 -2.927280051115341735e+02 -1.048916463483739676e+02
7.282380320089934855e+01 8.809484403344487191e+01 -1.378171745946958140e+02 -9.768534023316878745e+01 8.006419722341387057e+01 1.592027733524695243e+01
1.281801883490880414e+02 1.602957072539130081e+02 -2.553311051230817270e+02 -1.847996832365228954e+02 1.605615755795543294e+02 3.882494341285349293e+01
1.479038701666723341e+02 1.867643960878068015e+02 -2.990099158710362417e+02 -2.176642063606961983e+02 1.920356374098128924e+02 4.852272461984684782e+01
1.284078261757220396e+01 7.428084144257819155e+00 -4.494686149906017114e+00 2.680231451971627710e+00 -1.611738272090545010e+01 -1.381008234975367799e+01
3.939293881476569226e+01 4.489122438249923164e+01 -6.777946947208153006e+01 -4.605806898968633334e+01 3.305675293817886740e+01 2.981880716120550723e+00
2.235319371918834008e+01 2.396673406026670605e+01 -3.477741924317786726e+01 -2.243592835179996925e+01 1.314457562206613517e+01 -1.392414888378229465e+00
1.684062335877209549e+01 1.854974706703715626e+01 -2.740570395714139451e+01 -1.811488496137990012e+01 1.174654969535146165e+01 -3.551576471870252633e-02
7.892365333263803073e+00 8.557702269947238705e+00 -1.251174278710851517e+01 -8.156447048353593132e+00 5.000272645053212450e+00 -2.939393217130749081e-01
5.470898881462522567e-01 7.366019937428429643e-01 -1.217937101118716114e+00 -9.175255700905837752e-01 8.808763388972735697e-01 2.731981568201771182e-01
