1.618666285452306508e-01 -7.508522611615469104e-04 8.635329182657376368e-01 -9.915205664726893797e-01 1.131461988158320633e-03 -1.299445874558106395e-01 3.004103621986599858e-04
1.638209742776852440e-01 -1.004333891406274581e-03 8.631511239272301461e-01 -9.914942971971744123e-01 2.373949428007116058e-03 -1.301277575434838518e-01 4.355528656296711533e-04
1.696684148072603315e-01 -1.783395591693398173e-03 8.619676681385541883e-01 -9.914058254957442973e-01 6.102761720838056729e-03 -1.306772899190790371e-01 8.314877542508047198e-04
1.793605805718379576e-01 -3.143578462389105040e-03 8.598689928623928225e-01 -9.912261292161478332e-01 1.232137855008269209e-02 -1.315933642345696875e-01 1.459753138655721502e-03
1.928116359769253274e-01 -5.176362912486504216e-03 8.566681089890418876e-01 -9.909067621407776638e-01 2.103370410706608545e-02 -1.328766553773916559e-01 2.272991626644985715e-03
2.098906089861619639e-01 -8.007337995205461231e-03 8.521082635320573750e-01 -9.903798300681562194e-01 3.224124120857706222e-02 -1.345288873119627471e-01 3.205158046894608041e-03
2.304110826420104063e-01 -1.179326564266639822e-02 8.458685481874600454e-01 -9.895581320109487766e-01 4.593923624632607894e-02 -1.365535955273503577e-01 4.171989053058404971e-03
2.541185393091002220e-01 -1.671765987033968504e-02 8.375719405771119286e-01 -9.883356396869654725e-01 6.211179098299265955e-02 -1.389570604705633872e-01 5.071892232888490330e-03
2.806761174587796281e-01 -2.298448030096072320e-02 8.267962803718000853e-01 -9.865885173887248838e-01 8.072616875020566241e-02 -1.417493857008997882e-01 5.787459636878311380e-03
3.096495557997355208e-01 -3.080947507066975760e-02 8.130887750300458405e-01 -9.841769142862107911e-01 1.017264466331956607e-01 -1.449456532059480718e-01 6.187815297590590347e-03
3.404924987282669235e-01 -4.040874727307649378e-02 7.959845771209470566e-01 -9.809477634784489197e-01 1.250268285237491062e-01 -1.485670754459157417e-01 6.132011853351624318e-03
3.725336482584684639e-01 -5.198421072975391299e-02 7.750298644527804370e-01 -9.767387991321285767e-01 1.505050356440402470e-01 -1.526420372088980737e-01 5.473663529210607767e-03
4.049675322148344470e-01 -6.570576123466725926e-02 7.498096742943639592e-01 -9.713839521450386982e-01 1.779962680979369771e-01 -1.572068891799267010e-01 4.066946356007882131e-03
4.368510271739158290e-01 -8.169028136759505510e-02 7.199803924245551379e-01 -9.647201831024263541e-01 2.072883812359911093e-01 -1.623063406710812950e-01 1.774006016362630498e-03
4.671079474552369271e-01 -9.997795901752300207e-02 6.853063924973779031e-01 9.565956792213671234e-01 -2.381189511562050720e-01 1.679932795212044916e-01 1.526312874440012958e-03
4.945441601427273404e-01 -1.205069075342738161e-01 6.456997232247315699e-01 9.468791550939374968e-01 -2.701749705838891735e-01 1.743278573671250276e-01 5.928664636570672199e-03
5.177972154174973474e-01 -1.429993295084870386e-01 6.014367774945535983e-01 9.355159194503146480e-01 -3.029710105897679973e-01 1.813477981842566422e-01 1.146766283813991337e-02
5.349740563727226617e-01 -1.660461750803103320e-01 5.550395937782087730e-01 9.230550711050605761e-01 -3.346919131567030470e-01 1.887659947754182777e-01 1.783418602527658478e-02
5.456887935050864780e-01 -1.889035477897307025e-01 5.078099514120916202e-01 9.097868362746350801e-01 -3.647786072389768708e-01 1.964925639293302606e-01 2.480226930465482399e-02
5.500252674861245694e-01 -2.111458506218259479e-01 4.604416460418157553e-01 8.958534025423231517e-01 -3.931642529191615720e-01 2.045256291878474741e-01 3.221518873412090866e-02
5.481734969848395256e-01 -2.323431287283594382e-01 4.136623649618925147e-01 8.814129391003205916e-01 -4.197793922252510690e-01 2.128468953685136722e-01 3.990854271353868471e-02
5.408706850092395158e-01 -2.513260842761967928e-01 3.699881877339081804e-01 8.672304517989841699e-01 -4.436102339243579440e-01 2.210754288240960319e-01 4.740209489408889892e-02
5.294601650298702555e-01 -2.676213960216911047e-01 3.306707219152609234e-01 8.537779481681715410e-01 -4.644088298752375166e-01 2.289729947222045314e-01 5.439689001776568805e-02
5.151716453119687955e-01 -2.813274037663457960e-01 2.957698292977547494e-01 8.411794347054117882e-01 -4.824909336577536956e-01 2.364792587361673470e-01 6.080475108365925030e-02
4.990785131455683366e-01 -2.926250860649333152e-01 2.651897129456522451e-01 8.295178254760477987e-01 -4.981513180745789637e-01 2.435418734124823181e-01 6.657925662537138300e-02
4.820943643468896811e-01 -3.017490505741802220e-01 2.387229536672296759e-01 8.188439295171802135e-01 -5.116585643288839025e-01 2.501167236011412331e-01 7.170604728193365196e-02
4.649787781030211842e-01 -3.089633145646232260e-01 2.160885114995105549e-01 8.091842959105935984e-01 -5.232526743771158673e-01 2.561676030701240392e-01 7.619431177050023374e-02
4.483492847401417958e-01 -3.145419190995375480e-01 1.969634556117460245e-01 8.005478259404736896e-01 -5.331446264744759134e-01 2.616655373009046937e-01 8.006954622327643045e-02
4.326970100956726295e-01 -3.187540423649401489e-01 1.810086570349269675e-01 7.929311979917612607e-01 -5.415171747745064490e-01 2.665879142161814985e-01 8.336755165802130219e-02
4.184040112511586140e-01 -3.218530547519544704e-01 1.678889824214313542e-01 7.863232247542238929e-01 -5.485263642019501118e-01 2.709175388045170774e-01 8.612956028919929730e-02
4.057608034054815405e-01 -3.240688540418593111e-01 1.572886976244279311e-01 7.807082926385842114e-01 -5.543033784576371081e-01 2.746416913366853674e-01 8.839834735740910443e-02
3.949829942620353695e-01 -3.256028000048917792e-01 1.489228587453161889e-01 7.760690357919525217e-01 -5.589564570597782556e-01 2.777512420024517148e-01 9.021517811446598534e-02
3.862262815996126419e-01 -3.266246056846598966e-01 1.425454628290699910e-01 7.723883836684979354e-01 -5.625727071887201003e-01 2.802398560285083717e-01 9.161744917558388435e-02
3.795993321005729504e-01 -3.272706153777428240e-01 1.379550732172497018e-01 7.696511000939515457e-01 -5.652197010930519738e-01 2.821033108840278469e-01 9.263690198144998444e-02
3.751742513906381471e-01 -3.276429905101808648e-01 1.349985434498255088e-01 7.678449084330288832e-01 -5.669467944656852998e-01 2.833389392428214415e-01 9.329830838396938053e-02
3.729944864765738499e-01 -3.278094232355812099e-01 1.335733517180846541e-01 7.669612747647926998e-01 -5.677861302005959843e-01 2.839452064035457579e-01 9.361855117146325456e-02
3.727520715043804445e-01 -3.278272466213871805e-01 1.334161092059222842e-01 7.668632471044094512e-01 -5.678790178915236186e-01 2.840125358331674899e-01 9.365394155428716227e-02
