2.225625726739094978e-01 4.982869549656282482e-01 7.558577706031035515e-01 -7.816014821713761496e-01 -2.146357192995797507e-03 -4.310328459094558418e-01 4.508937812450991012e-01
2.233710246708180414e-01 4.974156598674419061e-01 7.558090052979633544e-01 -7.825214636639442611e-01 -1.700781308371142591e-03 -4.309596507060012294e-01 4.493673838982318869e-01
2.257901406301202063e-01 4.947728942010585773e-01 7.556561836281120437e-01 -7.852726356046925149e-01 -3.232214807146210509e-04 -4.307101653710339595e-01 4.447870689941319511e-01
2.297999092823902467e-01 4.902723322907427406e-01 7.553792077386838333e-01 -7.898277561750784992e-01 2.107705987936585052e-03 -4.301938172710456643e-01 4.371509495959894354e-01
2.353626485934785240e-01 4.837712992866272099e-01 7.549427973112666779e-01 -7.961383665574868207e-01 5.790448592164570973e-03 -4.292567884152992952e-01 4.264607620868082205e-01
2.424164488997560540e-01 4.750730912065465050e-01 7.542936510732752842e-01 -8.041303079691143330e-01 1.099422108628548590e-02 -4.276778942565079289e-01 4.127289590912205930e-01
2.508659370277975253e-01 4.639312735812023414e-01 7.533561798801489129e-01 -8.136976532398156881e-01 1.804920368274437817e-02 -4.251631891948139397e-01 3.959881537522685901e-01
2.605704506544161969e-01 4.500570508946483139e-01 7.520266077678687822e-01 -8.246952599548929008e-01 2.733230800198250057e-02 -4.213397441119651199e-01 3.763023959249797712e-01
2.713300134287622845e-01 4.331310469388142681e-01 7.501653284597296079e-01 -8.369302870962489482e-01 3.924747032204874142e-02 -4.157492508595843628e-01 3.537794383849980351e-01
2.828698961624795394e-01 4.128210904909258017e-01 7.475876585452608802e-01 -8.501530906236813845e-01 5.419938342817737925e-02 -4.078423950101788820e-01 3.285829121719040513e-01
2.948251451547961310e-01 3.888076593890477661e-01 7.440536049382812100e-01 -8.640480400591161736e-01 7.255969955933651294e-02 -3.969752984233897442e-01 3.009429961164065137e-01
3.067272228037193904e-01 3.608183235366890229e-01 7.392580091787485097e-01 -8.782249754919725371e-01 9.462512523613675341e-02 -3.824097277586905319e-01 2.711637479673379425e-01
3.179956226056355750e-01 3.286719020780105027e-01 7.328234878112673822e-01 -8.922121016636362922e-01 1.205673675301556919e-01 -3.633192677146787619e-01 2.396250930914271826e-01
3.279380169538893552e-01 2.923316383703792321e-01 7.242998489528684747e-01 -9.054512915224091074e-01 1.503758362004470883e-01 -3.388041346373801277e-01 2.067772350139971405e-01
3.357135292718922970e-01 2.522852374029051492e-01 7.132705292368076710e-01 -9.172139965230464709e-01 1.835291689280552641e-01 -3.081785980079955189e-01 1.733824687349460325e-01
3.402213488989328516e-01 2.133395976406468053e-01 7.007630864706697604e-01 -9.260110299903088205e-01 2.158395650922665110e-01 -2.746146755000303807e-01 1.431909022147769550e-01
3.417415224941694474e-01 1.774453180099208882e-01 6.875311953156977296e-01 -9.318738045064258735e-01 2.454954866234203559e-01 -2.401227159775565501e-01 1.169797409546256550e-01
3.408976680137725812e-01 1.449751540965110996e-01 6.740074970191782811e-01 -9.352921844096819814e-01 2.720768525961098638e-01 -2.056744793207688493e-01 9.434365171907817260e-02
3.382975238471080948e-01 1.161033287359901495e-01 6.606094411425594837e-01 -9.367495012289677181e-01 2.953966349862057195e-01 -1.721402447533773306e-01 7.489283091427245687e-02
3.345042778437309350e-01 9.084972202572530464e-02 6.477155485058289086e-01 -9.367066527397734932e-01 3.154478197897874758e-01 -1.402768352577197231e-01 5.827288557294597188e-02
3.300196342518553205e-01 6.912403465492016064e-02 6.356515045976648404e-01 -9.355907165746871756e-01 3.323531692993738074e-01 -1.107245603775778298e-01 4.417526055517224937e-02
3.252759996215250360e-01 5.076590638300005481e-02 6.246848282850431255e-01 -9.337872413377485969e-01 3.463200997368147682e-01 -8.401101014477163620e-02 3.234078860471895078e-02
3.206351648677447930e-01 3.557886031546808603e-02 6.150260598420678182e-01 -9.316354197949482385e-01 3.576018552977542342e-01 -6.055961062146553164e-02 2.255861769858527599e-02
3.163911647426853047e-01 2.335739641586140683e-02 6.068342287054966366e-01 -9.294254195341363767e-01 3.664653234131234893e-01 -4.070099910093787771e-02 1.466236446466781702e-02
3.127754228397580105e-01 1.390753244831610322e-02 6.002245639182862691e-01 -9.273972339094863626e-01 3.731652729813454417e-01 -2.468552535890477725e-02 8.524929063996928083e-03
3.099627279725638007e-01 7.061637548920022232e-03 5.952767988107001695e-01 -9.257405114786413369e-01 3.779244675253850549e-01 -1.269547897620116640e-02 4.053031764295614119e-03
3.080769789046610141e-01 2.688614961275006404e-03 5.920428528047746441e-01 -9.245949198605319941e-01 3.809189629818505174e-01 -4.855941879523755812e-03 1.182217150280467487e-03
3.071959576130551262e-01 7.004647810967991458e-04 5.905530625944857004e-01 9.240506966114854226e-01 -3.822679005118856388e-01 1.243445394738487047e-03 1.271755243907477179e-04
3.071326839862886793e-01 5.589725772917408060e-04 5.904465655300028537e-01 9.240113971456213049e-01 -3.823635949746084783e-01 9.851784489191381562e-04 2.204688508183861803e-04
