3.069338174711583878e-01 3.316940784643562004e-05 5.905613454355682634e-01 -9.239014047498861348e-01 3.826299499561016670e-01 -6.647332001123860057e-04 2.717122574353610228e-04
3.067455558939498061e-01 1.454521379353142555e-04 5.921743276611881601e-01 -9.246803228651706563e-01 3.807419530942826591e-01 -1.294515014734909462e-03 4.357646055380669519e-04
3.061446253485359814e-01 4.782199115502358436e-04 5.970065155040945593e-01 -9.269893717749277950e-01 3.750729383604808342e-01 -3.186730686192276209e-03 9.166643297378869286e-04
3.050229438886202793e-01 1.018698537203968982e-03 6.050362500400864318e-01 -9.307455200486094427e-01 3.656085805176687020e-01 -6.349617061879936179e-03 1.680810657559339257e-03
3.032016427009187609e-01 1.743840787433488613e-03 6.162228342344947540e-01 -9.358106954074106865e-01 3.523274784184441955e-01 -1.079567096038469738e-02 2.672788976743283636e-03
3.004332508345261554e-01 2.617765441359861615e-03 6.304997080257771502e-01 -9.419923749128189527e-01 3.352047644493064138e-01 -1.653986967885680281e-02 3.816308111051004790e-03
2.964053007885956714e-01 3.588334741610860277e-03 6.477650944827231250e-01 -9.490446503357847785e-01 3.142169012706079734e-01 -2.359733422180869747e-02 5.015619856927795023e-03
2.907459178806177102e-01 4.583049623313976452e-03 6.678701765525909551e-01 -9.566698958398188735e-01 2.893476139329083652e-01 -3.198052518674347061e-02 6.157492504468889925e-03
2.830320336213012489e-01 5.504550636511625072e-03 6.906052428925725239e-01 -9.645212896758978971e-01 2.605945138872043376e-01 -4.169621772264819198e-02 7.113826077422988337e-03
2.728009818484542492e-01 6.226116205272682821e-03 7.156842119322781581e-01 -9.722063252589169258e-01 2.279761117404179027e-01 -5.274248163363319530e-02 7.744948895854700949e-03
2.595662618850084202e-01 6.587694720294619798e-03 7.427282251312237182e-01 -9.792914035058422062e-01 1.915387496447996662e-01 -6.510597385570476847e-02 7.903579718388814568e-03
2.444614477160851618e-01 6.438271305857246399e-03 7.686968258413664490e-01 -9.848338796834151809e-01 1.550428380409440698e-01 -7.750847151325059026e-02 7.508970875001687653e-03
2.294802233316308449e-01 5.839271263224627036e-03 7.908323834357731119e-01 -9.884856999649613840e-01 1.224912145394904811e-01 -8.858287176697757226e-02 6.708066408156695450e-03
2.151759786744854575e-01 4.926717270227404417e-03 8.094278050559959858e-01 -9.907002012239611854e-01 9.387881994806902830e-02 -9.832482257415867122e-02 5.666367947899690442e-03
2.019999136787423433e-01 3.833605419262556008e-03 8.247891331384146207e-01 -9.918671579914011271e-01 6.917903104963317451e-02 -1.067397396499068229e-01 4.520015549193252130e-03
1.903125369832414371e-01 2.683287055953182104e-03 8.372149330330175276e-01 -9.923161490250720362e-01 4.835428028943898615e-02 -1.138380550552997722e-01 3.379524074182198214e-03
1.803951851610668400e-01 1.584870684180746938e-03 8.469806221787399281e-01 -9.923200377992679178e-01 3.136312797015047144e-02 -1.196321590840546262e-01 2.333087841185852926e-03
1.724610925020561292e-01 6.302122851822802461e-04 8.543263232588141909e-01 -9.920980749776362462e-01 1.816554502187998216e-02 -1.241342900780771363e-01 1.449353834808359606e-03
1.666652772785713332e-01 -1.079177020859636296e-04 8.594477485008200635e-01 -9.918184856321308196e-01 8.726777932410884411e-03 -1.273551219061168360e-01 7.796342625399593600e-04
1.631127145836748504e-01 -5.768558578535010499e-04 8.624896487910926890e-01 -9.916004851165945988e-01 3.020085268765930996e-03 -1.293028526697438396e-01 3.595733166254559102e-04
1.618644304797764721e-01 -7.445543660006870334e-04 8.635414276586982352e-01 -9.915157127603974052e-01 1.028557804741723602e-03 -1.299826495758885370e-01 2.103029130680733182e-04
1.618628439651534634e-01 -7.447684638544342824e-04 8.635427588446479286e-01 -9.915156023486894066e-01 1.026031101798836453e-03 -1.299835120773684960e-01 2.101126514166681760e-04
