3.727082241339984559e-01 -3.277701297494717281e-01 1.333069371773850098e-01 7.668284439506344308e-01 -5.680450202508519064e-01 2.837836128243731437e-01 9.362613742328725064e-02
3.742364316610404806e-01 -3.271230583392080726e-01 1.340626256649236070e-01 7.667519615452385029e-01 -5.679373021483571371e-01 2.846111748692410348e-01 9.238576424171153489e-02
3.788087169868643023e-01 -3.251596394506579557e-01 1.363738772389946341e-01 7.665177489423617985e-01 -5.676002250075138367e-01 2.870894084605677965e-01 8.865775023941950550e-02
3.863855629103832290e-01 -3.218130397136454990e-01 1.403727226066803779e-01 7.661119076759791424e-01 -5.669913938324048219e-01 2.912043524748165746e-01 8.242165575127505250e-02
3.968927657960600319e-01 -3.169711548715755667e-01 1.462772463865761041e-01 7.655126192602286217e-01 -5.660380576577288547e-01 2.969307453219512949e-01 7.364427689209915306e-02
4.102089670142372579e-01 -3.104756019577061821e-01 1.543879035911744357e-01 7.646922306766971156e-01 -5.646339622363549804e-01 3.042290954527100966e-01 6.228112484531190401e-02
4.261484586911318817e-01 -3.021204009348995023e-01 1.650809648706533239e-01 7.636202886004760382e-01 -5.626349355169865118e-01 3.130417588578062182e-01 4.827878814482861047e-02
4.444394429904520716e-01 -2.916505899346389374e-01 1.787975674053929598e-01 7.622676208730200242e-01 -5.598532695035334239e-01 3.232880710291019533e-01 3.157869416350326391e-02
4.646986123879512931e-01 -2.787609480212460689e-01 1.960267049531008721e-01 7.606115225197260798e-01 -5.560510100333818650e-01 3.348588186874494332e-01 1.212260691129824972e-02
4.864031503749661201e-01 -2.630952609108210827e-01 2.172800802761894190e-01 -7.586420627288726903e-01 5.509324248297534643e-01 -3.476102345838325003e-01 1.013946459444460893e-02
5.088619936408821376e-01 -2.442467504118369659e-01 2.430566411330667143e-01 -7.563694279055765968e-01 5.441361240448130410e-01 -3.613577660856150953e-01 3.523821688014978915e-02
5.311891458734497862e-01 -2.217604964529764078e-01 2.737948326628514284e-01 -7.538320574757615411e-01 5.352275630306000398e-01 -3.758699435874875427e-01 6.317017018913417825e-02
5.522826571419916508e-01 -1.951391770942827730e-01 3.098108778098726535e-01 -7.511051426040582513e-01 5.236930591919538580e-01 -3.908625678119873048e-01 9.387809963633456101e-02
5.708141041909275959e-01 -1.638538268913395657e-01 3.512224277508322334e-01 -7.483087933184415785e-01 5.089368659904922598e-01 -4.059934840884685814e-01 1.272262046741157171e-01
5.852343456921155207e-01 -1.273619511019843664e-01 3.978583000193894881e-01 -7.456148981716270718e-01 4.902833744745276334e-01 -4.208580848621119030e-01 1.629696559012740187e-01
5.938021694247977988e-01 -8.513588606967721628e-02 4.491572680507541215e-01 -7.432513921836538806e-01 4.669870038177924565e-01 -4.349856069099854450e-01 2.007187785522149825e-01
5.946427120970051439e-01 -3.670501477402345752e-02 5.040616283505664486e-01 -7.415023841129347870e-01 4.382528813511383792e-01 -4.478360995056569482e-01 2.398988418517646881e-01
5.860091001158966861e-01 1.759768905996970945e-02 5.602426232295252273e-01 -7.407048807219831499e-01 4.037230402313770061e-01 -4.586823495694085095e-01 2.792391245052410764e-01
5.685932245633726900e-01 7.243798521814566460e-02 6.108996454172854751e-01 -7.410815159319165124e-01 3.665606286891983645e-01 -4.663626142550271192e-01 3.145431675688552531e-01
5.443837429386201299e-01 1.258654681018865351e-01 6.541281798342554188e-01 -7.425336420912820312e-01 3.282518321010904905e-01 -4.710415474702848715e-01 3.449846165291037825e-01
5.152770367869443646e-01 1.770410516372018517e-01 6.896459425977234936e-01 -7.448883760583386859e-01 2.896497622530320171e-01 -4.731316947232855896e-01 3.706625444905443656e-01
4.830458160631770914e-01 2.252721922125417442e-01 7.176249721618600530e-01 -7.479473074951245026e-01 2.515455544409105904e-01 -4.730512455786596293e-01 3.918190632272596230e-01
4.492743342576759891e-01 2.700222155932480161e-01 7.385878247637550631e-01 -7.515049114174129352e-01 2.146451810397977666e-01 -4.712143212875896658e-01 4.088090969943979913e-01
4.153237911796584525e-01 3.109088054063423034e-01 7.533049862221844473e-01 -7.553622076708080835e-01 1.795562212963262294e-01 -4.680231912021366458e-01 4.220684673289820665e-01
3.823220712712744884e-01 3.476932263808815704e-01 7.627007375626517760e-01 -7.593360229495024205e-01 1.467833399176236564e-01 -4.638618867472378282e-01 4.320828686689078268e-01
3.511716584880717473e-01 3.802624251752167450e-01 7.677718821640177049e-01 -7.632644819713969575e-01 1.167308299189777354e-01 -4.590908848618324711e-01 4.393595376728965940e-01
3.225699027939466501e-01 4.086063695617118130e-01 7.695213462616643518e-01 -7.670094764697642509e-01 8.971043144183578344e-02 -4.540426694700475663e-01 4.444026955325663386e-01
2.970365505458617550e-01 4.327929167934612131e-01 7.689067932855407905e-01 -7.704568762979671082e-01 6.595267966579729246e-02 -4.490180588398389183e-01 4.476932305114547650e-01
2.749443886020430661e-01 4.529422306759136041e-01 7.668030635652544058e-01 -7.735151938093948187e-01 4.562019709481259649e-02 -4.442832233392684516e-01 4.496726142676630289e-01
2.565498300217970429e-01 4.692023842334197004e-01 7.639764267852681145e-01 -7.761133211740286475e-01 2.882157361929714445e-02 -4.400673276858412808e-01 4.507307141673050910e-01
2.420211741849843390e-01 4.817273702342241837e-01 7.610682415682626933e-01 -7.781978530212416700e-01 1.562472936308398341e-02 -4.365607279488335490e-01 4.511969638619532930e-01
2.314630368588922460e-01 4.906583555565220967e-01 7.585855641383241199e-01 -7.797303990614676827e-01 6.068900627668460945e-03 -4.339136467102007177e-01 4.513342668391919221e-01
2.249360353347688857e-01 4.961086957887352877e-01 7.568964447919143135e-01 -7.806851922422817225e-01 1.746101036731699128e-04 -4.322352467731613856e-01 4.513350103547114633e-01
2.224712294905838439e-01 4.981529908654609429e-01 7.562280160833809717e-01 -7.810472117286945126e-01 -2.048829362304173483e-03 -4.315930282458299572e-01 4.513186383462023943e-01
2.224486672202525828e-01 4.981716687506325125e-01 7.562218201604751222e-01 -7.810505292582122783e-01 -2.069176245304299271e-03 -4.315871281801461623e-01 4.513184463816500847e-01
