3.141592741012599888e+00 3.141596794128400205e+00 3.141592979431199861e+00 3.141592025756799966e+00 3.141592741012599888e+00 3.141592264175399940e+00
3.136290065390396897e+00 3.137480938933758789e+00 3.145355162165679452e+00 3.143026365901060881e+00 3.142777355893824787e+00 3.144201493806544789e+00
3.120681559710400066e+00 3.125373285391582101e+00 3.156401915607914610e+00 3.147229555351339414e+00 3.146270430460011536e+00 3.151883671348123084e+00
3.095655836207690470e+00 3.105985596378587843e+00 3.174021806010645541e+00 3.153905439278998912e+00 3.151891582887337950e+00 3.164207015138299717e+00
3.062660744191556539e+00 3.080477565860890277e+00 3.197055612249622314e+00 3.162571553365890242e+00 3.159346604831593464e+00 3.180467730386479897e+00
3.023653613421719566e+00 3.050416952651370917e+00 3.223936078505371228e+00 3.172575814398717053e+00 3.168237103471413629e+00 3.199713771141999619e+00
2.981031594835053866e+00 3.017723767670003721e+00 3.252743568017680609e+00 3.183119887101153900e+00 3.178074000368810381e+00 3.220778107050292327e+00
2.937542098622798470e+00 2.984598514707129890e+00 3.281277617912781164e+00 3.193289227203704783e+00 3.188294887146998047e+00 3.242321494896538425e+00
2.896177832509162720e+00 2.953437850326558145e+00 3.307141677262406709e+00 3.202088909577409215e+00 3.198284130301900063e+00 3.262882511515897033e+00
2.860426399497882244e+00 2.927006539454195533e+00 3.327645981400238817e+00 3.208431293851672805e+00 3.207298951174229362e+00 3.280749113847880150e+00
2.833572648765155577e+00 2.907861556775247269e+00 3.340429497369383327e+00 3.211411459572236282e+00 3.214599034041211834e+00 3.294295279918694863e+00
2.817329030141234814e+00 2.897291223161550189e+00 3.344424230138182352e+00 3.210671563044044330e+00 3.219757051239499734e+00 3.302657999463923577e+00
2.811686390319105833e+00 2.895307236252698591e+00 3.339562867107181532e+00 3.206169336243899437e+00 3.222773929990506492e+00 3.305831191718388240e+00
2.816708448421844757e+00 2.901964916844029574e+00 3.325773189860273149e+00 3.197876015811244699e+00 3.223621024906531574e+00 3.303767276266402764e+00
2.832305219429652521e+00 2.917198768136493037e+00 3.303096451685655577e+00 3.185808944895827999e+00 3.222298748779818034e+00 3.296490221359911654e+00
2.858499180890444524e+00 2.941061716040195062e+00 3.271376652876102575e+00 3.169878087765467534e+00 3.218797220096323741e+00 3.283966464823743436e+00
2.894696725399740433e+00 2.973063180799553340e+00 3.231135424548459589e+00 3.150325086793137164e+00 3.213192319603926261e+00 3.266451111164628163e+00
2.938839107046022470e+00 3.011483722469321389e+00 3.184275182480215793e+00 3.128017168973454609e+00 3.205827769710829944e+00 3.244912116023981330e+00
2.989039135157742777e+00 3.054804685159184352e+00 3.132324786526762495e+00 3.103605964901047898e+00 3.197052873595392253e+00 3.220239004881656708e+00
3.043250359967651697e+00 3.101386048481622915e+00 3.076916793010396667e+00 3.077781110948896615e+00 3.187250746663200740e+00 3.193396900907911728e+00
3.099190384891012506e+00 3.149398739484261966e+00 3.019872224057765120e+00 3.051311445276865708e+00 3.176849994661032461e+00 3.165463396437866894e+00
3.154161174285999625e+00 3.196670400258963873e+00 2.963384209972681038e+00 3.025129812303145371e+00 3.166359475394301626e+00 3.137719527041555434e+00
3.204337261084936106e+00 3.240061665118356249e+00 2.910798016798889165e+00 3.000697938087777406e+00 3.156515257714086253e+00 3.112025146280631205e+00
3.246425451005248597e+00 3.276859758963423186e+00 2.865040573292591652e+00 2.979294229753575163e+00 3.147976266739604068e+00 3.090009754304017253e+00
3.277663187318989646e+00 3.304720753077653228e+00 2.828845978994452892e+00 2.962146997431640116e+00 3.141337368496615046e+00 3.073113701214907678e+00
3.298788782215871684e+00 3.324315600736513776e+00 2.801322821245699313e+00 2.948813484510905969e+00 3.136486423059560824e+00 3.060972471162343833e+00
3.310105807404847500e+00 3.335985209523902206e+00 2.781846013362583747e+00 2.938958881150838920e+00 3.133361885397250024e+00 3.053388940267105056e+00
3.310933878449560108e+00 3.339167660359550815e+00 2.771030792205474214e+00 2.932847834209520332e+00 3.132116968076202213e+00 3.050716203327075604e+00
3.301113584649831179e+00 3.333714134850436661e+00 2.769094963293268208e+00 2.930579380133979672e+00 3.132810705007044838e+00 3.053066981283935721e+00
3.280744014792960073e+00 3.319715017064388096e+00 2.775920394661544943e+00 2.932091586291587504e+00 3.135437955150939260e+00 3.060401290844666722e+00
3.249725070794262649e+00 3.297113204341303394e+00 2.791497474171604321e+00 2.937362403680073175e+00 3.140020564879456799e+00 3.072757445259111986e+00
3.208321613481567969e+00 3.266140892055078293e+00 2.815546803537660736e+00 2.946252671494118847e+00 3.146537100082450689e+00 3.090023007404357536e+00
3.157219285775992645e+00 3.227468384926257983e+00 2.847087975152027273e+00 2.958240631738405568e+00 3.154958447003121780e+00 3.111885297940264916e+00
3.097960188082554023e+00 3.182424933539499179e+00 2.884583445471796903e+00 2.972575879482634686e+00 3.165151544943334727e+00 3.137688247188531676e+00
3.032314685332744730e+00 3.132513763801958895e+00 2.926351857291878300e+00 2.988451204214833901e+00 3.176950929270607293e+00 3.166681556961701283e+00
2.962100847438975837e+00 3.079278460590467503e+00 2.970667021363169624e+00 3.005038009178690572e+00 3.190186402421775647e+00 3.198094577964832208e+00
2.889184963906695103e+00 3.024303402818377062e+00 3.015757433739749693e+00 3.021486081416700831e+00 3.204682982287653914e+00 3.231136089988397853e+00
2.815482060642132467e+00 2.969214200358646139e+00 3.059805791066797731e+00 3.036923360832194607e+00 3.220260850377466788e+00 3.264994081163364203e+00
2.743005827318368617e+00 2.915714316409149909e+00 3.100921426488143506e+00 3.050447197106379349e+00 3.236723611831396674e+00 3.298812267495007777e+00
2.674368228657012736e+00 2.865939461385087483e+00 3.136904746727357196e+00 3.061066459589165678e+00 3.253722402518447243e+00 3.331447414361850434e+00
2.611610499928262108e+00 2.821580906204614436e+00 3.165957292371370357e+00 3.067953193879002782e+00 3.271003285652104076e+00 3.362008265223093151e+00
2.557393208770001536e+00 2.784705210872030712e+00 3.186204318468094598e+00 3.070364151443607525e+00 3.288052629381688963e+00 3.389266882490699295e+00
2.513583108746209049e+00 2.756676720397082558e+00 3.196614869591656305e+00 3.067987917905951267e+00 3.304376552201873984e+00 3.412304668759184256e+00
2.480271836925562301e+00 2.737581542101445553e+00 3.197062558856621717e+00 3.060764715713907069e+00 3.319946210119284036e+00 3.431062018803268998e+00
2.457647138702151679e+00 2.727531410184519611e+00 3.187521713524667177e+00 3.048727068162358389e+00 3.334653533800831404e+00 3.445414794066513409e+00
2.445580616021148401e+00 2.726457905669802173e+00 3.167969247470509231e+00 3.031835938391781671e+00 3.348545228757940695e+00 3.455421814753492971e+00
2.444121744472082636e+00 2.734467159753950938e+00 3.138136067646723149e+00 3.009913285385962478e+00 3.361690963085715467e+00 3.461084494217794738e+00
2.453330318113620123e+00 2.751679059261803229e+00 3.097713111848829914e+00 2.982764011666843906e+00 3.374133885206079597e+00 3.462382246413151954e+00
2.472655083794316866e+00 2.777655353440658725e+00 3.047049640677903959e+00 2.950568226021146323e+00 3.385783032804093651e+00 3.459444327630029292e+00
2.501803231172160746e+00 2.812139517774084219e+00 2.986359858735453621e+00 2.913480233890396676e+00 3.396428593621634295e+00 3.452243652274925800e+00
2.540986500831815764e+00 2.855310722145806945e+00 2.915337789846345284e+00 2.871406349091994326e+00 3.405783573701575140e+00 3.440518062479094308e+00
2.590443778568880084e+00 2.907270258569091936e+00 2.833967501606307948e+00 2.824487362083942799e+00 3.413354473261066335e+00 3.423898722293435171e+00
2.649842243280593035e+00 2.967492964553223977e+00 2.743233727213307382e+00 2.773469884860401802e+00 3.418456369463803934e+00 3.402151059175858361e+00
2.718024532467504972e+00 3.034659110524306591e+00 2.645223857489375607e+00 2.719707807801042598e+00 3.420349277654120890e+00 3.375337476561265593e+00
2.794181239946185613e+00 3.107832214041052143e+00 2.541377847743494289e+00 2.664181937977597947e+00 3.418333349493206885e+00 3.343388495771505653e+00
2.876958697591756930e+00 3.185559217082573724e+00 2.433842081156902815e+00 2.608254560741079420e+00 3.411696615064730320e+00 3.306443465286566852e+00
2.965042389403055534e+00 3.266441586044972034e+00 2.324646057853324788e+00 2.553218211312697328e+00 3.399733840409570274e+00 3.264624169321517666e+00
3.056434187999240049e+00 3.348476623824329312e+00 2.216590728766787421e+00 2.500734963648713727e+00 3.381874545042386160e+00 3.218395484704596576e+00
3.147628935891806812e+00 3.428410627913374142e+00 2.113977449976855549e+00 2.453082959073631386e+00 3.358140463583711099e+00 3.169140214884528461e+00
3.236693940977178219e+00 3.504512176038918181e+00 2.018960259407691638e+00 2.411365461091075524e+00 3.328616049251616360e+00 3.117644878663447638e+00
3.321730659289455989e+00 3.575164027839146552e+00 1.933450474112317741e+00 2.376460970137410200e+00 3.293695066562005280e+00 3.064852819230342806e+00
3.401692051240696291e+00 3.639540699437256333e+00 1.858303542815641363e+00 2.348691383002496913e+00 3.253751861110727006e+00 3.011361813798930420e+00
3.476312171204315682e+00 3.697475843406216267e+00 1.793580496779856315e+00 2.328032779813677955e+00 3.208917541668706352e+00 2.957331206601878648e+00
3.545384645645917931e+00 3.748840571844018754e+00 1.739326213653299869e+00 2.314466141895165752e+00 3.159289600965945688e+00 2.902881826333349569e+00
3.608561952471167622e+00 3.793404587603847133e+00 1.695697723105063170e+00 2.307991305961330841e+00 3.105105046456507534e+00 2.848269139966234764e+00
3.665580362773024792e+00 3.831022204444921808e+00 1.662739102103528932e+00 2.308536785570883598e+00 3.046642192123903303e+00 2.793740145848888190e+00
3.716797915534497232e+00 3.861940944166340817e+00 1.640183201876610708e+00 2.316078697303917799e+00 2.983494957855675977e+00 2.738923076602189699e+00
3.762079993127736000e+00 3.886040083553954805e+00 1.628158222851412429e+00 2.330694504961240199e+00 2.915613582728654674e+00 2.683836733628821136e+00
3.801077423326150839e+00 3.903103079250328733e+00 1.626807777238758801e+00 2.352347271339366053e+00 2.843346707842039134e+00 2.628803927682409114e+00
3.833646299314762640e+00 3.913069602427468929e+00 1.636109392412190555e+00 2.380950916346936896e+00 2.766918470074243519e+00 2.573999233175419565e+00
3.859718573203113845e+00 3.915946620943676404e+00 1.655957732417560724e+00 2.416377681932952548e+00 2.686547383095698294e+00 2.519565100519100209e+00
3.879371952789010258e+00 3.911751772912210878e+00 1.686373917614481410e+00 2.458711123897837858e+00 2.601988105924861294e+00 2.465332228201184250e+00
3.892569010209028235e+00 3.900428940356544860e+00 1.727441504219712876e+00 2.508028265964462378e+00 2.513124735363709839e+00 2.411247990654098672e+00
3.899223704618067554e+00 3.881938294956790880e+00 1.779155872395947080e+00 2.564286875697618928e+00 2.420076347957484497e+00 2.357408467734560809e+00
3.899281460905391405e+00 3.856257088123319132e+00 1.841504595855747883e+00 2.627454038315245377e+00 2.322919496850318843e+00 2.303874347221832597e+00
3.892701798351934528e+00 3.823366577149417189e+00 1.914481140593281783e+00 2.697509956093628425e+00 2.221699296672509316e+00 2.250683771407961942e+00
3.879450108491897087e+00 3.783249840808450504e+00 1.998081554398439375e+00 2.774439914875342250e+00 2.116449577157300865e+00 2.197866607857084098e+00
3.859501109816849240e+00 3.735903965122755022e+00 2.092278374228060400e+00 2.858209987603166802e+00 2.007226572934599496e+00 2.145461635730132155e+00
3.832949501302340245e+00 3.681548827826698123e+00 2.196628724489125162e+00 2.948434594330410441e+00 1.894511561585648707e+00 2.093695311834843586e+00
3.800505321420852844e+00 3.621423206717394372e+00 2.308856829961003498e+00 3.043228545913295058e+00 1.780492451032566592e+00 2.043495364820624438e+00
3.762808728822559790e+00 3.556365474418808681e+00 2.427587687777187586e+00 3.141576136498639649e+00 1.666093751340515183e+00 1.995121287927393405e+00
3.720448112032156640e+00 3.487060992971415807e+00 2.551765316210783840e+00 3.242753062516805507e+00 1.551846366497282803e+00 1.948636255947750584e+00
3.674496654382318095e+00 3.414926453805620543e+00 2.679064107142611117e+00 3.345028920879126400e+00 1.439359206634585941e+00 1.904509418275407207e+00
3.626217683308493811e+00 3.341568539357064882e+00 2.806896789199013753e+00 3.446516538954123909e+00 1.330301854300961706e+00 1.863170034719117796e+00
3.576846614995534246e+00 3.268480239181672964e+00 2.932924641169138091e+00 3.545562462589376906e+00 1.226016093456361977e+00 1.824878070228803661e+00
3.527770033270122951e+00 3.197338667849400018e+00 3.054520722138528210e+00 3.640307360527061054e+00 1.128016926275142495e+00 1.789930623783481556e+00
3.480080581812361462e+00 3.129377097478178715e+00 3.169830563735770212e+00 3.729502936028761262e+00 1.037168243339348761e+00 1.758380420133420774e+00
3.434735279295355603e+00 3.065649600156882482e+00 3.277294114992958640e+00 3.812119974826623015e+00 9.541302840565981658e-01 1.730220745291719098e+00
3.392026608203414284e+00 3.006311107225577484e+00 3.376842001703326268e+00 3.888254577945701840e+00 8.784781235631533569e-01 1.705104815354941072e+00
3.352422649615792949e+00 2.951806241110777052e+00 3.467884496192859878e+00 3.957577534021832211e+00 8.102700635482470437e-01 1.682883903044837703e+00
3.315524860424065690e+00 2.901428233871496509e+00 3.551723634142646358e+00 4.021175147476213851e+00 7.482270759305580388e-01 1.663008459046636967e+00
3.280622708829672884e+00 2.854099081688808326e+00 3.630236971595410367e+00 4.080537052030563494e+00 6.907506182920442050e-01 1.644873685594284929e+00
3.248033920056316859e+00 2.810168067318397966e+00 3.702908749320168447e+00 4.135323176043995019e+00 6.380587762178936417e-01 1.628476876971435949e+00
3.218548543878836821e+00 2.770622063382944589e+00 3.768167901669803754e+00 4.184397251488936931e+00 5.911368513889956322e-01 1.614054938532102135e+00
3.193010964362009929e+00 2.736515825415226644e+00 3.824335383176237890e+00 4.226544833480703645e+00 5.510381985336597621e-01 1.601861252014683989e+00
3.171712662593744625e+00 2.708168733937671213e+00 3.870940839309944259e+00 4.261456519107825969e+00 5.179595495920423787e-01 1.591891556637656358e+00
3.154894554469368728e+00 2.685844524809802625e+00 3.907596135005631410e+00 4.288877167443663652e+00 4.920627103730244034e-01 1.584141901725453438e+00
3.142745613708589403e+00 2.669749944535636743e+00 3.933997152623676108e+00 4.308606958556345568e+00 4.734741857681779020e-01 1.578608966017842397e+00
3.135401675837987234e+00 2.660033536303723078e+00 3.949925468058427924e+00 4.320502426250460104e+00 4.622846878049292618e-01 1.575290244054349920e+00
3.132944583892800061e+00 2.656784772872900380e+00 3.955249547958399781e+00 4.324477195739699908e+00 4.585487842559801686e-01 1.574184179306000075e+00
