-2.999999773012030957e+01 -2.328903771303991732e+01 2.129748759149596538e+01 8.123677226483696501e+00 6.699082460204764722e+00 1.476088409511200261e+01
-2.915437626696117590e+01 -2.261170686496926052e+01 2.062049226958067294e+01 7.841824977820838427e+00 6.527534951368043181e+00 1.435008927029329406e+01
-2.664552932648732408e+01 -2.060216259668638372e+01 1.861189063480092187e+01 7.005666535838404485e+00 6.018321761379894497e+00 1.313108491883549434e+01
-2.255750925570942655e+01 -1.732774973597855706e+01 1.533883568005509446e+01 5.643396812554810182e+00 5.187730899806386020e+00 1.114401140973355453e+01
-1.703040329964522925e+01 -1.290070966249123785e+01 1.091324906017380947e+01 3.802007328000752029e+00 4.062909049257618754e+00 8.455769357979090017e+00
-1.026033360131962269e+01 -7.478180307728047538e+00 5.491821091919950604e+00 1.547286210219202651e+00 2.681861565387742452e+00 5.160019624560336027e+00
-2.499457201764570868e+00 -1.262196155050808954e+00 -7.239892460113530603e-01 -1.036181804734583878e+00 1.093452476894941849e+00 1.377183316462183171e+00
5.944033959980831838e+00 5.500311760320489185e+00 -7.487954312992730621e+00 -3.845015372793084030e+00 -6.425955144785522322e-01 -2.745558213333838538e+00
1.710899108592566620e+01 1.430669255965305098e+01 -1.593371036431112131e+01 -7.215004754613967286e+00 -3.052172656618298507e+00 -8.232869362274948699e+00
2.373864699791371891e+01 1.961576834287585314e+01 -2.124950578998313944e+01 -9.414124588346721723e+00 -4.442135661834561766e+00 -1.149428698993966869e+01
3.004984851030570780e+01 2.425952775672673312e+01 -2.479709905127358738e+01 -1.047193451388353758e+01 -6.084843649592110104e+00 -1.468419052263313951e+01
2.986789166831914955e+01 2.419222328319184712e+01 -2.495329514845799324e+01 -1.060161794770878707e+01 -6.031330191417645814e+00 -1.462040976265558534e+01
3.008005003901107344e+01 2.437461310136186299e+01 -2.518432823916106500e+01 -1.069450910153152101e+01 -6.118376756450061293e+00 -1.477025722887986348e+01
2.969608153184615773e+01 2.406539073905241111e+01 -2.488843073865537292e+01 -1.055160277341880004e+01 -6.103922742155790893e+00 -1.464119657222426341e+01
2.999565722054969541e+01 2.443738566725440720e+01 -2.564203590182765424e+01 -1.096842208270855323e+01 -6.156569561086160824e+00 -1.484637385514666974e+01
2.900925895471595339e+01 2.364451976271609368e+01 -2.487145665285039087e+01 -1.061483436789710488e+01 -6.061919057894281870e+00 -1.446271866131076322e+01
2.223153831004532677e+01 1.794544169824159141e+01 -1.846007023540824932e+01 -7.666910910807142265e+00 -4.936610423486721189e+00 -1.126230457891460546e+01
1.710797125356480564e+01 1.383933304682308751e+01 -1.437338405549159326e+01 -5.939478727142798675e+00 -3.980969392091568970e+00 -8.849194108987717300e+00
1.134867295582110103e+01 9.223843520161196352e+00 -9.778903799975894984e+00 -3.998639925530933503e+00 -2.902788066408363399e+00 -6.133074050212310446e+00
4.925119447011125473e+00 4.076119005283315389e+00 -4.653840456897283318e+00 -1.834826292261682923e+00 -1.696538954230891072e+00 -3.100322383527452708e+00
-2.191705962477672909e+00 -1.627089390130816771e+00 1.024988640508322835e+00 5.616956666099575113e-01 -3.565990820813930151e-01 2.629182153354208129e-01
-1.427506113058680448e+01 -1.158825306851177395e+01 1.176666274869127449e+01 5.286669090732108778e+00 1.966082398768924211e+00 6.158300626095497776e+00
-2.073691756087455573e+01 -1.676475545760675345e+01 1.693549862180045196e+01 7.446239032169871486e+00 3.252394896679729808e+00 9.275146507432360465e+00
-3.094295979127107543e+01 -2.549092320008894674e+01 2.729094031171969448e+01 1.214734366334060844e+01 5.428203111611318299e+00 1.461020489017796464e+01
-3.007807010124015790e+01 -2.479373010539823952e+01 2.662903561235825123e+01 1.181946646798708755e+01 5.421055943798111620e+00 1.434251349835870215e+01
-2.765560056470638273e+01 -2.234478289287624975e+01 2.268441267152649132e+01 9.807111840752309462e+00 4.868346413133956219e+00 1.285085863281334717e+01
-2.966230204141877635e+01 -2.395161374786985675e+01 2.429446117331675126e+01 1.047141230868091810e+01 5.294769396834392516e+00 1.384320727324119993e+01
-3.003694893973708702e+01 -2.436001440309314248e+01 2.504580052970075599e+01 1.083812809359231011e+01 5.469501103605286296e+00 1.417101848110814899e+01
-2.941812982383993003e+01 -2.386269212072320300e+01 2.456179550944120393e+01 1.061705564427137283e+01 5.406925445684704457e+00 1.392743591206081355e+01
-3.002939511732490985e+01 -2.425563243014610393e+01 2.466826757588859209e+01 1.059280883397420325e+01 5.513173472604522729e+00 1.415891970704750058e+01
-2.982616732153132588e+01 -2.409187174016614819e+01 2.451230483092412982e+01 1.051632527184782795e+01 5.509115668205700089e+00 1.409386430938908852e+01
-2.782742806469680019e+01 -2.206618304672561592e+01 2.138322526117231703e+01 8.826672001383565558e+00 5.442037942843175102e+00 1.315514168944271667e+01
-2.297604356537927117e+01 -1.794643706648299997e+01 1.677443104485924863e+01 6.613632543368919592e+00 4.989373313007402722e+00 1.109944770613485865e+01
-1.799179131492872941e+01 -1.371428257657887606e+01 1.204076805735035549e+01 4.341026101227969392e+00 4.523528109458225366e+00 8.987072649542891867e+00
-1.287322863076397006e+01 -9.368499894581724163e+00 7.180883211967215018e+00 2.008208005444514388e+00 4.044357631834028410e+00 6.817400304339636286e+00
-7.618906648625904054e+00 -4.907864111904234328e+00 2.193417624258489074e+00 -3.854691758095593057e-01 3.551716559753911095e+00 4.589811814807919887e+00
-2.227370322577773454e+00 -3.311450938035044866e-01 -2.922993387999884618e+00 -2.840655636674190632e+00 3.045458952817704734e+00 2.303685684840656833e+00
3.302841574995078133e+00 4.362892520619157999e+00 -8.169720304804888755e+00 -5.358004333601241953e+00 2.525438250605952284e+00 -4.160222205923763683e-02
1.141453872060717600e+01 1.094122486390219784e+01 -1.481260110300590682e+01 -8.304357927876987233e+00 1.379157204099992207e+00 -3.610919606073943466e+00
1.657722759244772703e+01 1.526852620872334931e+01 -1.953449832092535843e+01 -1.051884519537972729e+01 7.918857878454903521e-01 -5.849817198610409719e+00
2.146688179042986988e+01 1.936531361242240479e+01 -2.400133617824581478e+01 -1.261210975851839855e+01 2.325884988846677048e-01 -7.971806904296345309e+00
2.972893508752981973e+01 2.519309866522402785e+01 -2.783173856402229873e+01 -1.348014311165217727e+01 -2.189462637289461444e+00 -1.210470434889931823e+01
2.958101170235956090e+01 2.517847366346676452e+01 -2.809975951804063499e+01 -1.367697014955962764e+01 -2.114927375158549339e+00 -1.205700623818210460e+01
3.015243116672080603e+01 2.551933060983316182e+01 -2.817835384584798319e+01 -1.358033656282672119e+01 -2.436575077340759066e+00 -1.242952246058048260e+01
2.921415952849883269e+01 2.501887250103003169e+01 -2.831225001814676645e+01 -1.387105733606571789e+01 -2.002544662889178539e+00 -1.192600869518313722e+01
2.986471663697184198e+01 2.548726658584330451e+01 -2.866001974149139286e+01 -1.395982560062514111e+01 -2.219449986181919243e+00 -1.227757391589388902e+01
3.076069325859601022e+01 2.660505415517543426e+01 -3.073309551930025663e+01 -1.523834356177684768e+01 -1.846339880136985245e+00 -1.249575179354309107e+01
2.859055308906089721e+01 2.499769828312744835e+01 -2.970788174121100411e+01 -1.481854983416731564e+01 -1.917117269889411446e+00 -1.184277311869130678e+01
2.726540499031893106e+01 2.350651779057088930e+01 -2.746640861067483996e+01 -1.331577674860541727e+01 -2.939406573962823011e+00 -1.189190279353630686e+01
2.834512657439348260e+01 2.457029357389539115e+01 -2.928916342694256514e+01 -1.416368734680142083e+01 -3.582654931580277591e+00 -1.275246334222869038e+01
2.925065462202719502e+01 2.510881541097124270e+01 -2.974303217651769060e+01 -1.400934244315221555e+01 -4.916145351896632931e+00 -1.385919614027442570e+01
2.911118862131382912e+01 2.438804276967600870e+01 -2.802417632195007613e+01 -1.246803741972557589e+01 -6.864802775295546944e+00 -1.485057283744009560e+01
2.472441810476239610e+01 1.954276887700633836e+01 -2.047197432472858480e+01 -7.722052905208851570e+00 -9.024982917518954650e+00 -1.425397126562356398e+01
2.252748622103246134e+01 1.698696559344418944e+01 -1.653598331859119952e+01 -5.025535465415868153e+00 -1.099282230385569470e+01 -1.448166578102195956e+01
1.819076424858511132e+01 1.238497447495087833e+01 -9.759714067225532474e+00 -7.921362009827074280e-01 -1.300122715072680535e+01 -1.387818943951105410e+01
1.496000408304624330e+01 8.904839957863565303e+00 -4.703690558683285339e+00 2.490420433933128841e+00 -1.498612187704683585e+01 -1.372612459057086376e+01
1.148238185002496614e+01 5.171890283340605521e+00 7.042043986815786916e-01 5.991657243015664491e+00 -1.707990200184419649e+01 -1.353952435356204731e+01
-7.273673308378487690e-01 -6.083501929749383308e+00 1.555787882703681291e+01 1.373373639309303940e+01 -1.655663066008010986e+01 -8.461567268406113840e+00
-6.241081099129987209e+00 -1.101444379379661953e+01 2.168327493691413821e+01 1.686012407855307060e+01 -1.628079656791632601e+01 -6.198267377724953064e+00
-1.239360570408036999e+01 -1.626149882921423995e+01 2.793477530589098023e+01 1.972151338064692894e+01 -1.492150520633689936e+01 -3.085084184771238469e+00
-1.491771808346151218e+01 -1.817524399242953237e+01 2.976715002156036149e+01 2.031085333387242287e+01 -1.384306670370571624e+01 -1.557899816403377713e+00
-1.514806219057869896e+01 -1.822727490257478422e+01 2.945559532042436501e+01 2.006605672095475157e+01 -1.373380763593872089e+01 -1.456272304541514906e+00
-1.540836556775991184e+01 -1.833833525314101109e+01 2.929742527632654969e+01 1.991682982172248373e+01 -1.364029357235820683e+01 -1.341743614490151337e+00
-1.662820053968890122e+01 -1.917708761420114527e+01 2.995648542356645549e+01 1.999040741829669088e+01 -1.283794522769263402e+01 -4.530831189890580646e-01
-1.748096099911239065e+01 -1.965606278372634108e+01 3.013477732780869900e+01 1.977843239477626369e+01 -1.192647916970604882e+01 3.559395207565794195e-01
-1.572433072529995890e+01 -1.844959432290879775e+01 2.891204219368892225e+01 1.967977688796867497e+01 -1.377751159053510221e+01 -1.373661064160843992e+00
-1.662495677634605329e+01 -1.916531838843604874e+01 2.965233524778415486e+01 1.997072328291687171e+01 -1.350008542456577132e+01 -8.862631523719328719e-01
-1.773978294488438934e+01 -1.984245538740884029e+01 3.008510372885135808e+01 1.981770427025919901e+01 -1.231133536840273912e+01 1.881615478351115200e-01
-1.811387870859758920e+01 -1.999413605667608707e+01 3.000962404766796254e+01 1.958135335019651535e+01 -1.172063799341287194e+01 6.453048057561763251e-01
-1.831266974775440559e+01 -1.997327394464587158e+01 2.970265042096591301e+01 1.920685645131202079e+01 -1.107544428488038690e+01 1.065695277268407182e+00
-1.784169908466674315e+01 -1.986704489083275504e+01 2.988447148691655997e+01 1.971418464010114135e+01 -1.243487628195727979e+01 1.224103375374134828e-01
-1.818594147784694215e+01 -2.007690779124540370e+01 2.999987773996625506e+01 1.966911574249379058e+01 -1.212082209106625896e+01 4.201338607867182162e-01
-1.842824455510455550e+01 -2.018561028970868776e+01 2.997849627088252689e+01 1.954168615195891689e+01 -1.177237500753732213e+01 6.979341307791833149e-01
-1.857649626944439092e+01 -2.025125094490008237e+01 2.995296904298483298e+01 1.946173231558494976e+01 -1.158166991220570097e+01 8.530258640499630562e-01
-1.869036908917658835e+01 -2.030437071370914026e+01 2.993555315585685506e+01 1.940701425719649365e+01 -1.145624993582637785e+01 9.595018188629009792e-01
-1.878819562726370762e+01 -2.035180270361851385e+01 2.992354314214489719e+01 1.936444137058271409e+01 -1.135879938125499677e+01 1.044963671679528749e+00
-1.887618600658190715e+01 -2.039605800261217183e+01 2.991628641631218244e+01 1.933006458220565449e+01 -1.127794862216572369e+01 1.118010197008914464e+00
-1.874746628366352752e+01 -2.002664747879703810e+01 2.913206225937195626e+01 1.863287209465297067e+01 -1.038523992092096293e+01 1.554512525045387505e+00
-1.635958473525611012e+01 -1.573148564955636175e+01 2.116857382003416177e+01 1.197577483393919984e+01 -2.531874887830733556e+00 4.948091950440927533e+00
-1.479461370198747261e+01 -1.389208057163616061e+01 1.831536352459308503e+01 1.000882280050837814e+01 -1.068728365490477117e+00 5.143161891476541570e+00
-1.314905339118739036e+01 -1.198097119337366223e+01 1.537576318595383640e+01 7.997044868551666852e+00 3.946066692777989715e-01 5.308017526424005261e+00
-9.460728035695195715e+00 -6.876867699695932146e+00 6.813725398018959822e+00 1.472297954411818210e+00 6.814896183701884880e+00 7.411280444689468894e+00
-6.943219261679686838e+00 -4.028129794936463171e+00 2.513827000406141821e+00 -1.421425205735001640e+00 8.808632518933585231e+00 7.532255728332638789e+00
-3.267561913662690998e+00 4.764922655325438683e-01 -4.596407982880393206e+00 -6.494644816951945288e+00 1.303694909445121830e+01 8.435778568534344046e+00
9.717668919046520415e-01 5.691007578619135643e+00 -1.283914463995850141e+01 -1.239281929183703035e+01 1.799623944398179276e+01 9.524336232024888105e+00
3.920697029075130402e+00 8.970985048577608367e+00 -1.772613969488169872e+01 -1.564274500769858633e+01 2.014570152899955602e+01 9.566441442626899772e+00
6.686169799340227371e+00 1.203688709802648482e+01 -2.228274543036096844e+01 -1.866590016664363461e+01 2.212871420448839643e+01 9.588395698038540971e+00
6.783565669060049430e+00 1.144838698112634745e+01 -2.074683268250308288e+01 -1.706192501432303743e+01 1.958682287815535616e+01 8.152403066741687354e+00
8.756352806701549696e+00 1.362592466667161872e+01 -2.397219216937776309e+01 -1.919507002242923832e+01 2.097020021714552485e+01 8.151334677592229738e+00
1.054693306101686900e+01 1.559843905666540920e+01 -2.688938473776745042e+01 -2.112161653494153768e+01 2.221305571742675866e+01 8.143533591453616438e+00
5.622354661406359533e+00 8.587659356017830703e+00 -1.499976861882841206e+01 -1.192857235030414742e+01 1.285803801676211222e+01 4.899982965017813719e+00
6.519072136591237410e+00 9.573892383708294318e+00 -1.645649121237737589e+01 -1.288946483909708007e+01 1.347524335466508383e+01 4.893283671501232668e+00
7.344811598132931607e+00 1.048085093218065467e+01 -1.779472446705956656e+01 -1.377132887224441937e+01 1.403964061180541556e+01 4.884996425614174242e+00
1.112666907742234557e+01 1.532856098944836276e+01 -2.561674597057747604e+01 -1.951424341856080602e+01 1.921925794348393879e+01 6.273729935625775411e+00
1.194730762935520474e+01 1.622759973499575636e+01 -2.694061798979498690e+01 -2.038497555458103605e+01 1.977260250733862179e+01 6.261440890620009192e+00
1.262595487147403794e+01 1.697050083876541748e+01 -2.803389814346517639e+01 -2.110362339626626138e+01 2.022830693573678928e+01 6.250261740539952093e+00
1.315828138400184777e+01 1.755286993176426336e+01 -2.889051914881998684e+01 -2.166644855992436192e+01 2.058459044844091679e+01 6.240867171521712997e+00
1.354091984044543473e+01 1.797128917144212679e+01 -2.950576200815092065e+01 -2.207054341379481244e+01 2.084006799415518074e+01 6.233781939448939546e+00
1.377146500759537417e+01 1.822331724169177036e+01 -2.987625600880907228e+01 -2.231383107804868260e+01 2.099375025052541233e+01 6.229380869952805710e+00
1.384847374552597188e+01 1.830748935284878698e+01 -2.999997872320503589e+01 -2.239506542478855522e+01 2.104504362413910101e+01 6.227888858412015338e+00
