0.000000000000000000e+00
1.884630236849970872e-02
3.769260473699941744e-02
5.653890710549912269e-02
7.538520947399883487e-02
9.423151184249854706e-02
1.130778142109982454e-01
1.319241165794979576e-01
1.507704189479976697e-01
1.696167213164973819e-01
1.884630236849970941e-01
2.073093260534968063e-01
2.261556284219964907e-01
2.450019307904962029e-01
2.638482331589959151e-01
2.826945355274956273e-01
3.015408378959953395e-01
3.203871402644950517e-01
3.392334426329947639e-01
3.580797450014944761e-01
3.769260473699941882e-01
3.957723497384939004e-01
4.146186521069936126e-01
4.334649544754933248e-01
4.523112568439929815e-01
4.711575592124926937e-01
4.900038615809924059e-01
5.088501639494921180e-01
5.276964663179918302e-01
5.465427686864915424e-01
5.653890710549912546e-01
5.842353734234909668e-01
6.030816757919906790e-01
6.219279781604903912e-01
6.407742805289901034e-01
6.596205828974898155e-01
6.784668852659895277e-01
6.973131876344892399e-01
7.161594900029889521e-01
7.350057923714886643e-01
7.538520947399883765e-01
7.726983971084880887e-01
7.915446994769878009e-01
8.103910018454875130e-01
8.292373042139872252e-01
8.480836065824869374e-01
8.669299089509866496e-01
8.857762113194863618e-01
9.046225136879859630e-01
9.234688160564856751e-01
9.423151184249853873e-01
9.611614207934850995e-01
9.800077231619848117e-01
9.988540255304845239e-01
1.017700327898984236e+00
1.036546630267483948e+00
1.055392932635983660e+00
1.074239235004483373e+00
1.093085537372983085e+00
1.111931839741482797e+00
1.130778142109982509e+00
1.149624444478482221e+00
1.168470746846981934e+00
1.187317049215481646e+00
1.206163351583981358e+00
1.225009653952481070e+00
1.243855956320980782e+00
1.262702258689480495e+00
1.281548561057980207e+00
1.300394863426479919e+00
1.319241165794979631e+00
1.338087468163479343e+00
1.356933770531979055e+00
1.375780072900478768e+00
1.394626375268978480e+00
1.413472677637478192e+00
1.432318980005977904e+00
1.451165282374477616e+00
1.470011584742977329e+00
1.488857887111477041e+00
1.507704189479976753e+00
1.526550491848476465e+00
1.545396794216976177e+00
1.564243096585475890e+00
1.583089398953975602e+00
1.601935701322475314e+00
1.620782003690975026e+00
1.639628306059474738e+00
1.658474608427974450e+00
1.677320910796474163e+00
1.696167213164973875e+00
1.715013515533473587e+00
1.733859817901973299e+00
1.752706120270473011e+00
1.771552422638972724e+00
1.790398725007472436e+00
1.809245027375971926e+00
1.828091329744471638e+00
1.846937632112971350e+00
1.865783934481471285e+00
