-1.822708249092100052e+00 -2.303059399127999896e-01 -1.479519009590100076e+00 1.401352137327200043e-01 -1.570353865623500100e+00 4.270023703575099860e-01
-1.822643213137380647e+00 -2.305714456030303616e-01 -1.480504990466884774e+00 1.413891161875059088e-01 -1.570356621837848410e+00 4.271125607812656932e-01
-1.822446860894375131e+00 -2.313639491536839676e-01 -1.483453203918011720e+00 1.451370720853650542e-01 -1.570364870354155729e+00 4.274408494965960537e-01
-1.822115465300422787e+00 -2.326714403853617497e-01 -1.488334527224577597e+00 1.513379222324730822e-01 -1.570378550892966407e+00 4.279803958092841532e-01
-1.821642834830702773e+00 -2.344740036014441864e-01 -1.495100638584337505e+00 1.599233853246918302e-01 -1.570397563324383405e+00 4.287198218076108680e-01
-1.821020343867646440e+00 -2.367439694916591841e-01 -1.503684341205593133e+00 1.707985339759234833e-01 -1.570421768171864851e+00 4.296432472303196581e-01
-1.820235879734633855e+00 -2.394497932986480171e-01 -1.514014085904568541e+00 1.838602313253664966e-01 -1.570451027267353306e+00 4.307318034224058012e-01
-1.819256245667970395e+00 -2.426100066866017368e-01 -1.526224273316189928e+00 1.992619291933324932e-01 -1.570485805010577884e+00 4.319846793988195710e-01
-1.818055751404433762e+00 -2.461883224994815822e-01 -1.540258727021012408e+00 2.169112538297990056e-01 -1.570526050137897700e+00 4.333762439873078964e-01
-1.816594427182969484e+00 -2.501615150566018353e-01 -1.556134268033332768e+00 2.368021396117487021e-01 -1.570571947782571254e+00 4.348825115034704036e-01
-1.814822141048520798e+00 -2.544946824324079149e-01 -1.573852667392438898e+00 2.589018387597612492e-01 -1.570623677941969332e+00 4.364699450811664327e-01
-1.812668320450693038e+00 -2.591528317260243797e-01 -1.593459706011733479e+00 2.832217569007897118e-01 -1.570681601362470703e+00 4.380974976951535482e-01
-1.810045794650829043e+00 -2.640720402449767135e-01 -1.614943817065287446e+00 3.096870236457735515e-01 -1.570745982479110125e+00 4.397027641878477611e-01
-1.806829319892823138e+00 -2.691766762330012885e-01 -1.638336611701215251e+00 3.382545891297666918e-01 -1.570817317241184341e+00 4.412023611259209832e-01
-1.802939913752800827e+00 -2.742411519627754313e-01 -1.663082436040786538e+00 3.681426486680907662e-01 -1.570894411057542461e+00 4.424486495443084588e-01
-1.798559189135545244e+00 -2.787777454525469101e-01 -1.687206311633949518e+00 3.968831707134694020e-01 -1.570971501976053730e+00 4.432454718972108632e-01
-1.793841280170349606e+00 -2.825511431024658737e-01 -1.709597376147726555e+00 4.231265573549533587e-01 -1.571045149451109069e+00 4.435146551899633027e-01
-1.788778681849285457e+00 -2.855610677151139698e-01 -1.730250158788066983e+00 4.468670172035036914e-01 -1.571115312398605246e+00 4.432415382415312854e-01
-1.783362382572682314e+00 -2.878081619545426739e-01 -1.749163629034585554e+00 4.681041313562163686e-01 -1.571181961798380433e+00 4.424103837055382016e-01
-1.777582533739562098e+00 -2.892931041062095088e-01 -1.766336659170216983e+00 4.868374167610920455e-01 -1.571245066117229250e+00 4.410040228419118136e-01
-1.771428209703570067e+00 -2.900166263660044486e-01 -1.781768320096385860e+00 5.030666414624560545e-01 -1.571304592161266944e+00 4.390036174248665435e-01
-1.764887372114699593e+00 -2.899794613570867985e-01 -1.795457452281250976e+00 5.167913400776089627e-01 -1.571360503254104035e+00 4.363884298643182502e-01
-1.757946790492493916e+00 -2.891823747073523632e-01 -1.807402551799211166e+00 5.280107311400121795e-01 -1.571412758238466267e+00 4.331355904381390398e-01
-1.750591639602902649e+00 -2.876261723862795772e-01 -1.817602174988405483e+00 5.367241307554562191e-01 -1.571461312627221441e+00 4.292196764369011763e-01
-1.742804881458267285e+00 -2.853115411016441394e-01 -1.826055117333056588e+00 5.429309739818335423e-01 -1.571506119481639319e+00 4.246120373659357794e-01
-1.734569119783899049e+00 -2.822397806376936158e-01 -1.832758327726657921e+00 5.466294422642633544e-01 -1.571547116944765898e+00 4.192816170107619977e-01
-1.725862455449396204e+00 -2.784116257414657181e-01 -1.837710716257514365e+00 5.478191246275242454e-01 -1.571584248169422438e+00 4.131920407302134279e-01
-1.716662274481711270e+00 -2.738288441124891448e-01 -1.840909646137541156e+00 5.464990717090509875e-01 -1.571617438852417559e+00 4.063035876116283807e-01
-1.706945222059502054e+00 -2.684951856535686687e-01 -1.842353173070706118e+00 5.426709854969088420e-01 -1.571646601016616795e+00 3.985731863205102532e-01
-1.696677955069887833e+00 -2.624117082432844139e-01 -1.842041188228307202e+00 5.363357403865642858e-01 -1.571671656428565544e+00 3.899464083506175571e-01
-1.685826555360687040e+00 -2.555823447210551214e-01 -1.839973155196577004e+00 5.274966164015187919e-01 -1.571692500820168537e+00 3.803639507489284255e-01
-1.674348718609420805e+00 -2.480103967047989633e-01 -1.836149077603977497e+00 5.161567989794650924e-01 -1.571709020193410300e+00 3.697543024029703584e-01
-1.662193862288109392e+00 -2.396996200116205400e-01 -1.830569059331669024e+00 5.023200077184126755e-01 -1.571721080259626424e+00 3.580322631680665779e-01
-1.649303190916809436e+00 -2.306561610213193059e-01 -1.823234941923418395e+00 4.859940546610709289e-01 -1.571728519581504280e+00 3.450974678424202913e-01
-1.635617616928285667e+00 -2.208970707877377371e-01 -1.814159601986303549e+00 4.672086143057386787e-01 -1.571731145901541504e+00 3.308412153347892737e-01
-1.621045203721969363e+00 -2.104309053453109479e-01 -1.803350524192230520e+00 4.459794945743804639e-01 -1.571728738391833691e+00 3.151105338588293114e-01
-1.605470262777166868e+00 -1.992695189626342844e-01 -1.790818026877139424e+00 4.223285662582371147e-01 -1.571721015144232680e+00 2.977120325535791423e-01
-1.588741944079572255e+00 -1.874290996707906887e-01 -1.776577087799249721e+00 3.962866012674349792e-01 -1.571707610507639741e+00 2.783934579777468943e-01
-1.570684817110346687e+00 -1.749518448136034299e-01 -1.760676010187266272e+00 3.679435219961674219e-01 -1.571688071074306858e+00 2.568486685531330971e-01
-1.551677331122981229e+00 -1.623018016741975267e-01 -1.743744627222442389e+00 3.383916065236753368e-01 -1.571662708400161534e+00 2.334347526812560747e-01
-1.533179217711034825e+00 -1.506016652515272669e-01 -1.727441339189681457e+00 3.104098781044227762e-01 -1.571634088463443435e+00 2.099565669924866318e-01
-1.515471996536141397e+00 -1.400825668495163934e-01 -1.712302833147057557e+00 2.847668926278114077e-01 -1.571603687410650263e+00 1.868657961392061750e-01
-1.498446807664052693e+00 -1.306961826016214134e-01 -1.698433820283559603e+00 2.615201244112299039e-01 -1.571572189502198791e+00 1.641110709661182387e-01
-1.482015775632445020e+00 -1.224011531712628498e-01 -1.685904448024203806e+00 2.406991819088929174e-01 -1.571540092929175403e+00 1.416458421122895606e-01
-1.466110751579857485e+00 -1.151650270409765031e-01 -1.674767523149761184e+00 2.223250518019401489e-01 -1.571507778959372104e+00 1.194335967063771820e-01
-1.450684121318334130e+00 -1.089646088457721651e-01 -1.665068491479583468e+00 2.064204850934141244e-01 -1.571475561333119053e+00 9.745432999303020594e-02
-1.435705785485347441e+00 -1.037828805699048118e-01 -1.656846925923645353e+00 1.930084508472505456e-01 -1.571443711792302134e+00 7.570456849753381956e-02
-1.421140657310768773e+00 -9.960050098401115881e-02 -1.650126972780316725e+00 1.820940954459637218e-01 -1.571412432026220829e+00 5.416720156923104240e-02
-1.406959109407833086e+00 -9.640106782904384053e-02 -1.644928229843930945e+00 1.736808987080589173e-01 -1.571381888895887036e+00 3.282742496513629815e-02
-1.393137191085539461e+00 -9.417090157459892530e-02 -1.641267490301048015e+00 1.677722154998363968e-01 -1.571352225409706982e+00 1.167435115581940894e-02
-1.379653779216568843e+00 -9.289815872911168226e-02 -1.639158833131878268e+00 1.643704866248198448e-01 -1.571323562249565819e+00 -9.302321310500519941e-03
-1.366486156569418853e+00 -9.257282820342765950e-02 -1.638614758242567415e+00 1.634783693807103089e-01 -1.571295994344264368e+00 -3.011869004498755539e-02
-1.353361111907872560e+00 -9.319265403314219709e-02 -1.639650047281580481e+00 1.651080544742579703e-01 -1.571269066378568002e+00 -5.119673405243890807e-02
-1.340066333498622253e+00 -9.474913008788946045e-02 -1.642234725785984617e+00 1.692208131258219617e-01 -1.571242368509263798e+00 -7.287402038443524521e-02
-1.326428541883281076e+00 -9.726216226723777281e-02 -1.646373709115845019e+00 1.758412094731579278e-01 -1.571215571528128629e+00 -9.544074945751745975e-02
-1.312455595779913109e+00 -1.007431788125672661e-01 -1.652052748131104032e+00 1.849665361234950622e-01 -1.571188721282190004e+00 -1.188976382062390119e-01
-1.298131967167753809e+00 -1.052049523646590157e-01 -1.659253627895894923e+00 1.965914429752980142e-01 -1.571161819976939267e+00 -1.432847661958273899e-01
-1.283430759788073416e+00 -1.106632118039531376e-01 -1.667955002204033477e+00 2.107104079260083418e-01 -1.571134853421503275e+00 -1.686635463435480209e-01
-1.268316595293246474e+00 -1.171372349000798369e-01 -1.678130767832759274e+00 2.273167176498500919e-01 -1.571107799161686636e+00 -1.951130680409441653e-01
-1.252743589641051036e+00 -1.246511557744060528e-01 -1.689748394138826493e+00 2.464021125403202117e-01 -1.571080625671526398e+00 -2.227348360621837775e-01
-1.236652246763893404e+00 -1.332354637717601542e-01 -1.702765622557618430e+00 2.679549982121466334e-01 -1.571053290725528351e+00 -2.516598374012758432e-01
-1.219994130819366696e+00 -1.429110370237339778e-01 -1.717098458606902911e+00 2.919125830915689224e-01 -1.571025786566277338e+00 -2.820052591103544559e-01
-1.202671821126793050e+00 -1.537191254899186454e-01 -1.732653614769062989e+00 3.182231792787614255e-01 -1.570998045228445106e+00 -3.139852328883757648e-01
-1.184906482328200061e+00 -1.654718957404718305e-01 -1.748964552874154865e+00 3.462339664599613509e-01 -1.570970515085667651e+00 -3.472253330299350238e-01
-1.168106138943193484e+00 -1.770827725104751060e-01 -1.764371968454795159e+00 3.732041371881575920e-01 -1.570945355780679398e+00 -3.790669966866516138e-01
-1.152699608052766722e+00 -1.880372865671184335e-01 -1.778150687501822480e+00 3.978957811943026890e-01 -1.570923054176812883e+00 -4.086127675690631733e-01
-1.138498007635545983e+00 -1.982882504132424395e-01 -1.790242272031922877e+00 4.202029889785538486e-01 -1.570903174670896130e+00 -4.361408467862846750e-01
-1.125337437854770029e+00 -2.078195790991705094e-01 -1.800629643349995757e+00 4.400923096243891108e-01 -1.570885359814502280e+00 -4.619034613914415055e-01
-1.113099969713750248e+00 -2.166148961668335482e-01 -1.809296052766332430e+00 4.575304110737976604e-01 -1.570869347073574840e+00 -4.860794382292965010e-01
-1.101701518774044875e+00 -2.246562133065177491e-01 -1.816225948539806456e+00 4.724835965152989203e-01 -1.570854940717439474e+00 -5.087921691187876627e-01
-1.091063329699868634e+00 -2.319380764238296866e-01 -1.821417644905958921e+00 4.849445706271117151e-01 -1.570841968543881695e+00 -5.301628872062428277e-01
-1.081121110264747776e+00 -2.384564434623344387e-01 -1.824870448453624006e+00 4.949084698477022592e-01 -1.570830290227896331e+00 -5.502907049259238015e-01
-1.071822691010341888e+00 -2.442074416799439318e-01 -1.826583757019988985e+00 5.023707132731194402e-01 -1.570819790899282253e+00 -5.692555769582998693e-01
-1.063123091631596351e+00 -2.491886086492251795e-01 -1.826557369103628981e+00 5.073285475950456425e-01 -1.570810372827719181e+00 -5.871270621285207270e-01
-1.054988401414426402e+00 -2.533955541779128739e-01 -1.824791739919806366e+00 5.097779585716031292e-01 -1.570801957517240055e+00 -6.039553797701325832e-01
-1.047383824104830552e+00 -2.568276688742950897e-01 -1.821286891743206571e+00 5.097182940752768010e-01 -1.570794471497862776e+00 -6.197953400631446286e-01
-1.040285996827951642e+00 -2.594814073247755370e-01 -1.816046135426937491e+00 5.071492510728158321e-01 -1.570787857760471917e+00 -6.346802890708245215e-01
-1.033669690188864676e+00 -2.613562347967648414e-01 -1.809071526636547134e+00 5.020722949043753269e-01 -1.570782061496524662e+00 -6.486493269525989147e-01
-1.027512827213413305e+00 -2.624514891487253476e-01 -1.800364449196654171e+00 4.944880995308312821e-01 -1.570777034688137341e+00 -6.617366259488538516e-01
-1.021796746211737217e+00 -2.627663598947275747e-01 -1.789927191619902658e+00 4.843980972539762009e-01 -1.570772735554325727e+00 -6.739705586230765322e-01
-1.016504281079090743e+00 -2.623002072511962934e-01 -1.777761025447377019e+00 4.718028814803046922e-01 -1.570769126409153005e+00 -6.853775404209839772e-01
-1.011620324806473459e+00 -2.610523889843696654e-01 -1.763867450827673711e+00 4.567032745625906887e-01 -1.570766173692129231e+00 -6.959806484223175493e-01
-1.007131293276868123e+00 -2.590223086054542767e-01 -1.748247842222271364e+00 4.391000223238397115e-01 -1.570763847175614458e+00 -7.058006109063295064e-01
-1.003024857792902846e+00 -2.562093528781371754e-01 -1.730903168849928564e+00 4.189934524056716514e-01 -1.570762119488351649e+00 -7.148562593618980054e-01
-9.992898899284941017e-01 -2.526129219237081558e-01 -1.711834365052056217e+00 3.963838732794348063e-01 -1.570760965803073672e+00 -7.231645378862375795e-01
-9.959163025150615800e-01 -2.482324663857570224e-01 -1.691042447186418052e+00 3.712717276924240029e-01 -1.570760363491401801e+00 -7.307407536559760164e-01
-9.929068725328360490e-01 -2.430908571236684301e-01 -1.668626762318847101e+00 3.437789290210693238e-01 -1.570760291046505275e+00 -7.375714869521474704e-01
-9.903833280057509070e-01 -2.375340140327949767e-01 -1.645944298911453441e+00 3.156045019023045461e-01 -1.570760687360272412e+00 -7.433674005248814831e-01
-9.884356779096235002e-01 -2.321576513309202006e-01 -1.625056755851853607e+00 2.894000500417554522e-01 -1.570761384092051349e+00 -7.478966388950885058e-01
-9.869219025119497779e-01 -2.270673586287815238e-01 -1.605995976560500749e+00 2.653030187213508140e-01 -1.570762247925033828e+00 -7.514616722273668170e-01
-9.857395352349799245e-01 -2.223302697344133327e-01 -1.588753023325748526e+00 2.433717059509607483e-01 -1.570763188475873484e+00 -7.542822452064077421e-01
-9.848122643676338051e-01 -2.179835226810156457e-01 -1.573278910554430920e+00 2.235944603216054039e-01 -1.570764144638956417e+00 -7.565233253473451214e-01
-9.840887428504413448e-01 -2.140786467593681630e-01 -1.559621378807798164e+00 2.060704619688393802e-01 -1.570765066984463276e+00 -7.582950483864797642e-01
-9.835244197497762242e-01 -2.106248130108177852e-01 -1.547710773694731312e+00 1.907394585527493192e-01 -1.570765925794625595e+00 -7.596949663239799255e-01
-9.830925097777244437e-01 -2.076723558691035421e-01 -1.537642928115598551e+00 1.777473762290068260e-01 -1.570766688198086625e+00 -7.607798752011137866e-01
-9.827630832523724935e-01 -2.051957589527598214e-01 -1.529272180276949999e+00 1.669234667511769743e-01 -1.570767345872940757e+00 -7.616170486079718582e-01
-9.825211107510968267e-01 -2.032265811807844880e-01 -1.522661849711478554e+00 1.583624476749502241e-01 -1.570767879697575031e+00 -7.622383956809111183e-01
-9.823559327941943087e-01 -2.017968879097821189e-01 -1.517886464511540856e+00 1.521707167473998479e-01 -1.570768272956685419e+00 -7.626661830189562785e-01
-9.822598974426453022e-01 -2.009297778771032827e-01 -1.514999664161013726e+00 1.484248714517154566e-01 -1.570768513697188284e+00 -7.629164214075125905e-01
-9.822283983230599702e-01 -2.006391882896399470e-01 -1.514033794403099931e+00 1.471711099147799962e-01 -1.570768594741799973e+00 -7.629987597465500704e-01
