0
0.0079502652487674
0.015900522445089
0.023850787693856
0.031801052942624
0.039751455809353
0.04770171807108
0.055651983319847
0.063602240555493
0.071552505804261
0.079502771013704
0.08745302824935
0.095403293498117
0.10335369636485
0.11130396157429
0.11925422682306
0.1272044840587
0.13515474356294
0.14310500582466
0.15105526306031
0.15900565491695
0.16695592016571
0.17490632299312
0.18285658824189
0.19080685349065
0.1987571107263
0.20670737593574
0.21465764118451
0.22260789842016
0.23055816366892
0.23850842593065
0.24645882879738
0.25440909404615
0.26235935929491
0.27030962450436
0.27825987372695
0.28621013897571
0.29416040422448
0.30211066943392
0.31006108031363
0.31801134556239
0.32596159179794
0.3339118570467
0.34186212229547
0.34981238754424
0.35776264700915
0.36571291800252
0.37366316148056
0.38161357810476
0.38956383756967
0.39751410856304
0.40546436806727
0.41341462303447
0.42136487955166
0.42931515054503
0.43726541004926
0.44521568104263
0.45316608613858
0.46111634110578
0.46906660061002
0.47701699821117
0.48496725767607
0.49291752866944
0.50086778817368
0.50881804314088
0.51676844528916
0.52471871628253
0.53266897578677
0.540619235291
0.54856950624504
0.55651974972309
0.56447002071646
0.57242028022069
0.58037055117473
0.58832095631001
0.59627121127721
0.60422147078144
0.61217173878777
0.62012199829201
0.62807226928538
0.63602252875028
0.64397278371748
0.65192304322172
0.65987345984592
0.66782371931083
0.6757739903042
0.68372424980843
0.69167450477563
0.69962476129282
0.70757503228619
0.71552529179042
0.72347570841462
0.73142596787953
0.73937622284673
0.74732648235097
0.75527675334434
0.76322701280924
0.77117728380261
0.77912754330685
0.78707779827405
0.79502832702802
0.80297858653226
0.81092885752563
0.81887911702986
0.82682937195774
0.83477963146197
0.84272990245534
0.85068016195957
0.85863043291362
0.86658083804889
0.87453109301609
0.88248135252032
0.89043162052666
0.89838188003089
0.90633215102426
0.91428241052849
0.92223266545637
0.93018307059164
0.93813334158501
0.94608360108924
0.95403387056942
0.96198413007366
0.96993438504086
0.97788464450577
0.98583491549914
0.99378517500337
1.0017355901537
1.0096858335924
1.0176361045858
1.02558636409
1.0335366350834
1.0414868945483
1.0494371640678
1.0573874075459
1.0653376670501
1.073288083635
1.0812383431392
1.0891886141326
1.0971388721629
1.1050891270908
1.1130393865951
1.1209896575884
1.1289399170927
1.1368903336775
1.1448405917079
1.1527908466751
1.1607411061793
1.1686913771334
1.1766416366376
1.184591907631
1.1925421496352
1.2004924205892
1.2084428257245
1.2163930967178
1.2243433562221
1.2322936271761
1.2402438691803
1.2481941401737
1.2561443996779
1.2640946706319
1.2720451833547
1.279995598505
1.2879458419437
1.2958961129371
1.3038463724413
1.3117966434347
1.3197469028996
1.32769716093
1.3356474158972
1.3435978210325
1.3515480919865
1.3594983514907
1.3674486224841
1.3753988805145
1.3833491354423
1.3912993949466
1.3992496659399
1.4071999254442
1.4151503420291
1.4231005840332
1.4310508550266
1.4390011145308
1.4469513854849
1.4549016289629
1.4628519159827
1.4708021579869
1.4787524449673
1.4867028340767
1.4946530890439
1.5026033645746
1.5105536195025
1.5185038935593
1.5264541485265
1.5344044240572
1.5423546789851
1.5503050680944
1.5582553551142
1.5662055971184
1.5741558840989
1.5821061275769
