0
0.050000000745058
0.10000000149012
0.15000000223517
0.20000000298023
0.25000000372529
0.30000000447035
0.35000000521541
0.40000000596046
0.45000000670552
0.50000000745058
0.55000000819564
0.6000000089407
0.65000000968575
0.70000001043081
0.75000001117587
0.80000001192093
0.85000001266599
0.90000001341105
0.9500000141561
1.0000000149012
1.0500000156462
1.1000000163913
1.1500000171363
1.2000000178814
1.2500000186265
1.3000000193715
1.3500000201166
1.4000000208616
1.4500000216067
1.5000000223517
1.5500000230968
1.6000000238419
1.6500000245869
1.700000025332
1.750000026077
1.8000000268221
1.8500000275671
1.9000000283122
1.9500000290573
2.0000000298023
2.0500000305474
2.1000000312924
2.1500000320375
2.2000000327826
2.2500000335276
2.3000000342727
2.3500000350177
2.4000000357628
2.4500000365078
2.5000000372529
2.550000037998
2.600000038743
2.6500000394881
2.7000000402331
2.7500000409782
2.8000000417233
2.8500000424683
2.9000000432134
2.9500000439584
3.0000000447035
3.0500000454485
3.1000000461936
3.1500000469387
3.2000000476837
3.2500000484288
3.3000000491738
3.3500000499189
3.4000000506639
3.450000051409
3.5000000521541
3.5500000528991
3.6000000536442
3.6500000543892
3.7000000551343
3.7500000558794
3.8000000566244
3.8500000573695
3.9000000581145
3.9500000588596
4.0000000596046
4.0500000603497
4.1000000610948
4.1500000618398
4.2000000625849
4.2500000633299
4.300000064075
4.3500000648201
4.4000000655651
4.4500000663102
4.5000000670552
4.5500000678003
4.6000000685453
4.6500000692904
4.7000000700355
4.7500000707805
