3.141592741012599888e+00 3.141596794128400205e+00 3.141592979431199861e+00 3.141592025756799966e+00 3.141592741012599888e+00 3.141592264175399940e+00
3.136112168926398880e+00 3.137342880081072760e+00 3.145481298001352677e+00 3.143074430947672138e+00 3.142817115792286842e+00 3.144289034849407471e+00
3.119990450054970221e+00 3.124837451100409780e+00 3.156890065735725948e+00 3.147414990909128463e+00 3.146425315078107854e+00 3.152223887417779036e+00
3.094176584455317069e+00 3.104840639523250623e+00 3.175059500765619269e+00 3.154297426050592712e+00 3.152224693805579570e+00 3.164935692952175472e+00
3.060214145830657539e+00 3.078588854084688631e+00 3.198753581267798296e+00 3.163207271697609180e+00 3.159901606823361853e+00 3.181674117688903181e+00
3.020070089336988506e+00 3.047661408174684450e+00 3.226383179844750870e+00 3.173479524709380772e+00 3.169058741410454072e+00 3.201483273225673276e+00
2.976321276889259515e+00 3.014122946648746026e+00 3.255882161931482610e+00 3.184254266550420986e+00 3.179170793623931068e+00 3.223108690584660430e+00
2.932239291380610346e+00 2.980581080957757756e+00 3.284677110347825391e+00 3.194474606805924211e+00 3.189558002219426314e+00 3.244952841543299105e+00
2.891062494326364973e+00 2.949619150143398372e+00 3.310211711485515185e+00 3.203089358316721480e+00 3.199546088562675639e+00 3.265431993013903966e+00
2.856087206877492068e+00 2.923853157698704575e+00 3.329932800040235286e+00 3.209063470399990958e+00 3.208434120473904194e+00 3.282927557790466633e+00
2.830389280024971921e+00 2.905681281216597522e+00 3.341614770694458780e+00 3.211540050849345462e+00 3.215530334357645792e+00 3.295916324507137674e+00
2.815598954875103921e+00 2.896334985450493171e+00 3.344221973309478901e+00 3.210166150500440629e+00 3.220429972944211627e+00 3.303576065530311023e+00
2.811816690149039566e+00 2.895898564959051402e+00 3.337655074670790700e+00 3.204901528114319387e+00 3.223098780024689969e+00 3.305843277110880774e+00
2.819042916827887879e+00 2.904386316822410663e+00 3.321856331641205085e+00 3.195714435202858361e+00 3.223526578956374067e+00 3.302701383710619609e+00
2.837231454527737284e+00 2.921774623092495915e+00 3.296805972732586909e+00 3.182591023286605481e+00 3.221706976783289988e+00 3.294151533941151566e+00
2.865426846834726593e+00 2.947243455677007518e+00 3.263464999251527221e+00 3.165991337222203938e+00 3.217771143939827549e+00 3.280628096723458675e+00
2.902128975633690988e+00 2.979565383476023843e+00 3.223124140902414503e+00 3.146484041396159448e+00 3.211983587395225381e+00 3.262836359284265964e+00
2.945796319281221987e+00 3.017505034789525364e+00 3.177013150021880783e+00 3.124588612173231361e+00 3.204632909837469068e+00 3.241503329756799445e+00
2.994723692059144238e+00 3.059695902255001432e+00 3.126492509974382106e+00 3.100879461404932869e+00 3.196039279663866584e+00 3.217434040646163673e+00
3.047036035822885403e+00 3.104635368561959652e+00 3.073058395268209342e+00 3.075988018988011330e+00 3.186555634060966202e+00 3.191514513714127421e+00
3.100682121096456800e+00 3.150679659612784622e+00 3.018347704018471411e+00 3.050604845798576825e+00 3.176568899632282506e+00 3.164714768108953358e+00
3.153286459761863281e+00 3.195916622913006488e+00 2.964289850917172675e+00 3.025549802397330179e+00 3.166528626767057375e+00 3.138163840382634628e+00
3.201559650348979158e+00 3.237649526280988788e+00 2.913750892639364487e+00 3.002073201154579429e+00 3.157068317268085789e+00 3.113460115053029664e+00
3.243254854936314047e+00 3.274066395840257382e+00 2.868574332448757591e+00 2.980955314107636589e+00 3.148632092516459924e+00 3.091690589859468652e+00
3.276350997408310484e+00 3.303532799823206911e+00 2.830437709744960451e+00 2.962907862957084415e+00 3.141625031068402407e+00 3.073840472664905565e+00
3.298801418259945883e+00 3.324327761487724686e+00 2.801304580396609456e+00 2.948804491622618595e+00 3.136483320138692577e+00 3.060964800090718363e+00
3.310270872214481575e+00 3.336187931603702417e+00 2.781430785512035708e+00 2.938739903875265291e+00 3.133302010124187298e+00 3.053248655906673381e+00
3.310732545120345094e+00 3.339111037867843912e+00 2.770768542820740699e+00 2.932673608361162199e+00 3.132107006695273199e+00 3.050714116826595212e+00
3.300184731429721463e+00 3.333112185365320279e+00 2.769259271566689939e+00 2.930564119106055632e+00 3.132914252414212619e+00 3.053367975756093866e+00
3.278640152367844340e+00 3.318213237444137764e+00 2.776850938897820420e+00 2.932377003201685817e+00 3.135734465690173778e+00 3.061210343872492246e+00
3.246107653951728178e+00 3.294432100879896907e+00 2.793497043927453127e+00 2.938081704989361498e+00 3.140575973526293474e+00 3.074240727207366408e+00
3.202870691464727582e+00 3.262031139226110543e+00 2.818845467849943720e+00 2.947496777353951547e+00 3.147417458250933997e+00 3.092332097507066280e+00
3.149756280381776463e+00 3.221802150846899693e+00 2.851776390195239763e+00 2.960032556169964746e+00 3.156217861763687349e+00 3.115111977772716756e+00
3.088483797687983756e+00 3.175216780326809207e+00 2.890613406092321203e+00 2.974877258793912738e+00 3.166821885926583313e+00 3.141849299827415898e+00
3.020924474739703491e+00 3.123863676437772074e+00 2.933579825528250140e+00 2.991178287802773728e+00 3.179053503683676229e+00 3.171750245598639051e+00
2.948962764068863152e+00 3.069345544609158871e+00 2.978876570637935206e+00 3.008070159485535910e+00 3.192738655536728754e+00 3.204016321395030786e+00
2.874561626819432281e+00 3.013329237476908062e+00 3.024638976465926721e+00 3.024657638897557899e+00 3.207693772176829938e+00 3.237815470116377270e+00
2.799898382100599825e+00 2.957646126681769072e+00 3.068859167306567937e+00 3.039990216329443218e+00 3.223694349938064363e+00 3.272218181717271968e+00
2.727622504217047883e+00 2.904470631148769133e+00 3.109278685254478702e+00 3.053042923133622910e+00 3.240397422523690452e+00 3.306068871937665854e+00
2.660490727871484218e+00 2.856017255884652162e+00 3.143708172435983883e+00 3.062866655665805293e+00 3.257375009085016870e+00 3.338136103854908221e+00
2.600234595994027842e+00 2.813706159668472040e+00 3.170667264009781494e+00 3.068795283324154077e+00 3.274380675819213327e+00 3.367647528208598029e+00
2.548154237891615104e+00 2.778623419533624794e+00 3.188975252164758523e+00 3.070280903130813588e+00 3.291250122431081948e+00 3.394028419188197976e+00
2.505718243120807376e+00 2.751925566924851463e+00 3.197538794117124716e+00 3.066875624330135164e+00 3.307707742377409055e+00 3.416598246311673304e+00
2.474214710084885471e+00 2.734515691358063272e+00 3.195773970513542395e+00 3.058458591360667445e+00 3.323353318170760851e+00 3.434697893398411583e+00
2.453680174242553136e+00 2.726429697787341233e+00 3.183620544604863323e+00 3.045003033864605690e+00 3.338164799600645605e+00 3.448294349598118202e+00
2.444147180663823971e+00 2.727693496427264108e+00 3.161046229483422731e+00 3.026499764828001204e+00 3.352116449493098838e+00 3.457356834804972578e+00
2.445617492013326455e+00 2.738312773445831017e+00 3.128028868747907421e+00 3.002938942021803115e+00 3.365196273773360947e+00 3.461873002765897933e+00
2.457809822107726472e+00 2.758181417560928494e+00 3.084352956919023114e+00 2.974125941314099908e+00 3.377529641693665319e+00 3.461975930217534803e+00
2.480419391846332644e+00 2.787169117145698927e+00 3.029789285757228612e+00 2.939887395825635519e+00 3.389113556639768099e+00 3.457726871599410057e+00
2.513462423204887664e+00 2.825252188442045398e+00 2.964347327053298287e+00 2.900308823573952477e+00 3.399640674871888812e+00 3.448934639360193621e+00
2.556561292950517927e+00 2.871907218069612799e+00 2.888955509998689664e+00 2.856059606116282179e+00 3.408574586815984908e+00 3.435462493258142125e+00
2.608419159258129394e+00 2.925701274219426384e+00 2.805854990427668838e+00 2.808544014060288863e+00 3.415292602369156327e+00 3.417497307017083763e+00
2.668040985390927045e+00 2.985598494543791226e+00 2.716522970478294940e+00 2.758684570373845180e+00 3.419337351170549599e+00 3.395172461431279487e+00
2.734488019787987501e+00 3.050627634763995122e+00 2.622323443847689006e+00 2.707337032931940612e+00 3.420262592459215156e+00 3.368602048565344287e+00
2.806800791890360802e+00 3.119796357466809500e+00 2.524649606521832457e+00 2.655375205443470943e+00 3.417613356584017215e+00 3.337903278539014806e+00
2.883998931994032677e+00 3.192091049254912605e+00 2.424924109235041314e+00 2.603691093005283896e+00 3.410925870905408441e+00 3.303196507600818066e+00
2.965080990485452705e+00 3.266476637270621985e+00 2.324599310794711826e+00 2.553195058189365874e+00 3.399727485443257535e+00 3.264605266297968100e+00
3.049024256459639926e+00 3.341896405092942057e+00 2.225157532271323735e+00 2.504815977663161775e+00 3.383536598270706186e+00 3.222256287742467418e+00
3.134784575720854338e+00 3.417271808007909861e+00 2.128111312053726500e+00 2.459501399343039907e+00 3.361862580654068733e+00 3.176279535973441259e+00
3.221021957899169674e+00 3.491270029026804611e+00 2.035290858985803197e+00 2.418341133253095077e+00 3.334303331128352976e+00 3.126970389458887389e+00
3.305789563259893260e+00 3.562081095183342594e+00 1.949065137283275906e+00 2.382607755964297525e+00 3.300793356723129346e+00 3.075047686945421521e+00
3.387743066409317549e+00 3.628469182283271977e+00 1.871010184814018373e+00 2.353146001903844819e+00 3.261275873684240434e+00 3.020995206011106493e+00
3.464767175017708478e+00 3.688664815723396995e+00 1.803211710962821623e+00 2.330854603847316131e+00 3.216398573282906792e+00 2.965987463221483100e+00
3.536011322788893185e+00 3.742017272244040349e+00 1.746322962489589514e+00 2.315946184424062970e+00 3.166556724292513003e+00 2.910561842933982124e+00
3.601268563469033346e+00 3.788398942091712129e+00 1.700390943492470663e+00 2.308397570374477237e+00 3.111869144136369947e+00 2.854852543922266506e+00
3.660364486974699183e+00 3.827705084217388976e+00 1.665449124698085370e+00 2.308182331243321617e+00 3.052448213050297010e+00 2.798979569084321550e+00
3.713174376542478949e+00 3.859864826148671213e+00 1.641506358295516277e+00 2.315271755543516718e+00 2.988376234492099659e+00 2.743028518225641754e+00
3.759593123816721505e+00 3.884818575694060083e+00 1.628569558781368221e+00 2.329641311300208351e+00 2.919722561194129984e+00 2.687071475749192473e+00
3.799523449177236500e+00 3.902511911033371916e+00 1.626645346951971494e+00 2.351266468298207624e+00 2.846559118478981354e+00 2.631179900112006642e+00
3.832883111676482102e+00 3.912900727585572724e+00 1.635734131805616887e+00 2.380121820199511795e+00 2.768952480227712787e+00 2.575417242152535646e+00
3.859604919047531446e+00 3.915949778695479111e+00 1.655833070286823139e+00 2.416184693250083892e+00 2.686956853769973730e+00 2.519834935227267980e+00
3.879630422682495805e+00 3.911628689820946025e+00 1.686938792312049351e+00 2.459434665897316741e+00 2.600619960645431661e+00 2.464477983362071800e+00
3.892907969289635783e+00 3.899910500098449084e+00 1.729048558152813220e+00 2.509853980579018540e+00 2.509983412812352377e+00 2.409385837826417021e+00
3.899390959330831130e+00 3.880770871957550661e+00 1.782160081158993492e+00 2.567426650767864693e+00 2.415085069121330807e+00 2.354594301321363048e+00
3.899037119702330578e+00 3.854187705038348621e+00 1.846271472037031680e+00 2.632138227240124362e+00 2.315959515150868064e+00 2.300136017147536016e+00
3.891836117513387538e+00 3.820240715049515234e+00 1.921168060733218441e+00 2.703776238426766287e+00 2.212917218794831609e+00 2.246183436907844833e+00
3.878013823345070943e+00 3.779503063000550167e+00 2.005683723202346780e+00 2.781301243763457887e+00 2.107310894700279214e+00 2.193391507734666845e+00
3.857909866012768418e+00 3.732441372003506785e+00 2.099029987427980526e+00 2.864120832452955234e+00 1.999698453686218569e+00 2.141933584280423464e+00
3.831897949812628212e+00 3.679513890834805512e+00 2.200475523750393680e+00 2.951718672494214157e+00 1.890491362835062361e+00 2.091889501179960309e+00
3.800386664074919096e+00 3.621211656933468248e+00 2.309247004520760260e+00 3.043554735672436173e+00 1.780106884101283704e+00 2.043329074502993947e+00
3.763911546736147251e+00 3.558216287078875162e+00 2.424241698921145716e+00 3.138827801129820294e+00 1.669243094880366929e+00 1.996427814476663842e+00
3.723196163715618567e+00 3.491464130152675871e+00 2.543935318688776537e+00 3.236417435212190163e+00 1.558908852045383764e+00 1.951459753860581792e+00
3.679119687300266950e+00 3.422069534214301711e+00 2.666534696073757260e+00 3.335019607667220942e+00 1.450247359705725492e+00 1.908712898755082987e+00
3.632812014683342916e+00 3.351467020288724452e+00 2.789731725708272325e+00 3.432952524701690322e+00 1.344742351602507213e+00 1.868565913953177171e+00
3.585159080661746156e+00 3.280669622678315189e+00 2.911988896388940429e+00 3.529171962369642923e+00 1.243138263265646692e+00 1.831085250660942965e+00
3.536995285601333805e+00 3.210611304785359277e+00 3.031907932225725411e+00 3.622743897037162153e+00 1.146062528079724752e+00 1.796293130295987250e+00
3.489129802382642254e+00 3.142194146892076212e+00 3.148142421091566057e+00 3.712771487217543243e+00 1.054111706156961814e+00 1.764204726182023730e+00
3.442338733740218704e+00 3.076280385845689302e+00 3.259408805388445796e+00 3.798401845581472536e+00 9.678482584880501172e-01 1.734829385729826035e+00
3.397357879120137092e+00 3.013685073405579118e+00 3.364496518629877642e+00 3.878832284658120244e+00 8.877975718004957884e-01 1.708171757632379384e+00
3.354876111055678400e+00 2.955169353252474540e+00 3.462277267839898531e+00 3.953316036227230601e+00 8.144452341244055038e-01 1.684232824074206825e+00
3.315529361061189118e+00 2.901434356659721825e+00 3.551713461768484237e+00 4.021167444402126812e+00 7.482345610657854529e-01 1.663010837954893573e+00
3.279876839708428804e+00 2.853090880215212621e+00 3.631906922199339416e+00 4.081797685667948095e+00 6.895344161646672632e-01 1.644492784437473265e+00
3.248353499402715894e+00 2.810597712471986309e+00 3.702198934500329219e+00 4.134788771003452545e+00 6.385711609328423854e-01 1.628635288838042428e+00
3.220347576759666985e+00 2.773029699747844745e+00 3.764198953131718373e+00 4.181415893305735487e+00 5.939802104430462748e-01 1.614924136420411216e+00
3.194970837958047927e+00 2.739128710151618851e+00 3.820036037073911039e+00 4.223321497103802891e+00 5.540984407050097982e-01 1.602787645116550141e+00
3.172999424292762161e+00 2.709878919100497274e+00 3.868131072695697892e+00 4.259353274533413725e+00 5.199489436703592649e-01 1.592488891005753748e+00
3.155628130247682961e+00 2.686817191010088202e+00 3.905999926020689017e+00 4.287683769841304837e+00 4.931882722242911798e-01 1.584477722942041700e+00
3.143074761625437308e+00 2.670185645429404175e+00 3.933282720740400418e+00 4.308073272341904847e+00 4.739765126599669864e-01 1.578758161093978263e+00
3.135484431144136330e+00 2.660142973457048310e+00 3.949746107567950304e+00 4.320368510576172660e+00 4.624105815949023368e-01 1.575327533818051018e+00
3.132944583892800061e+00 2.656784772872900380e+00 3.955249547958399781e+00 4.324477195739699908e+00 4.585487842559801686e-01 1.574184179306000075e+00
