-0.000000000000000000e+00 -0.000000000000000000e+00 0.000000000000000000e+00 0.000000000000000000e+00 0.000000000000000000e+00 0.000000000000000000e+00
-5.692514236391044147e-01 -4.417726652197369042e-01 4.036141055457109217e-01 1.537977422966734231e-01 1.272296941541034843e-01 2.801234158108212857e-01
-1.105198167702514667e+00 -8.568687989476740929e-01 7.805645278153311439e-01 2.964951896318595015e-01 2.477012494911045581e-01 5.440661378653816049e-01
-1.575682872839627713e+00 -1.219531131148992475e+00 1.105104226430534409e+00 4.173769095012645480e-01 3.548788596267982154e-01 7.761953911607736289e-01
-1.952155190945715102e+00 -1.506853732325708961e+00 1.354229147197708372e+00 5.068374405618314427e-01 4.429693319941669372e-01 9.626214226336110569e-01
-2.215067570198511415e+00 -1.702923974926022321e+00 1.511333534382428123e+00 5.577259368534819295e-01 5.081539045790630649e-01 1.093853349430739641e+00
-2.320532172644747426e+00 -1.773255661818240680e+00 1.543703054430994426e+00 5.571223280373093223e-01 5.408728222758998339e-01 1.148306691825131454e+00
-2.251555444758607027e+00 -1.704595845845741309e+00 1.439009806570381800e+00 5.002954284365194182e-01 5.372393584835241098e-01 1.117504613280763559e+00
-2.014707349074305487e+00 -1.502090922398441331e+00 1.202034265051636241e+00 3.891733384672644847e-01 4.984956250031613578e-01 1.004496367427617276e+00
-1.614909442920175353e+00 -1.170476284772607789e+00 8.395777249606745096e-01 2.274376844786396012e-01 4.247973232838785917e-01 8.113013917603099090e-01
-1.058772874145737397e+00 -7.198092118074200796e-01 3.744601818191326537e-01 2.933066800051212231e-02 3.136687740541699299e-01 5.400432404977830725e-01
-4.845980444789007580e-01 -2.553670943502718282e-01 -1.028452991280321416e-01 -1.729497196542902626e-01 1.975488792838233088e-01 2.591401262211249779e-01
8.994554379107405628e-02 2.100999273311478510e-01 -5.834140930917511847e-01 -3.770257681897642432e-01 8.094352049507129443e-02 -2.269044321002850612e-02
6.640376198633992644e-01 6.757911925289462607e-01 -1.066126390266804558e+00 -5.822211544714606113e-01 -3.632680607760537667e-02 -3.052949463953811837e-01
1.224750238967942328e+00 1.130520082396181625e+00 -1.537616616943440873e+00 -7.820973808779856373e-01 -1.524643730809957243e-01 -5.827287234456751674e-01
1.706160716244941034e+00 1.518190923278098348e+00 -1.932808395471385721e+00 -9.464673242071438564e-01 -2.561000763346171216e-01 -8.231359892321902239e-01
2.111285539894979912e+00 1.844726010268428418e+00 -2.267147370756077862e+00 -1.085124303186458139e+00 -3.454770548513144690e-01 -1.027586848749264758e+00
2.431743773842649059e+00 2.103410123558852707e+00 -2.533939074070287845e+00 -1.195255138090241420e+00 -4.189790335728987292e-01 -1.192085950504996772e+00
2.658832841125132962e+00 2.287270336674416704e+00 -2.726232064109628705e+00 -1.273938756470661682e+00 -4.749274085469004647e-01 -1.312484338921894089e+00
2.783523798056876331e+00 2.389072230016878517e+00 -2.836814151321814581e+00 -1.318144607901448051e+00 -5.115803311347554283e-01 -1.384477197448388264e+00
2.796456608394191523e+00 2.401316104408051988e+00 -2.858208622235888896e+00 -1.324731078721592903e+00 -5.271317922199865169e-01 -1.403601591670322168e+00
2.656228852813130814e+00 2.288877788839931871e+00 -2.749705215083080745e+00 -1.275148644629573891e+00 -5.135427060693620316e-01 -1.349078575713447137e+00
2.364649500889620004e+00 2.052871285670770263e+00 -2.511214014156729402e+00 -1.169338646020448458e+00 -4.703742560889720981e-01 -1.220875957722564076e+00
1.971077764564953760e+00 1.735159358512757599e+00 -2.191144376554162942e+00 -1.029435737976438503e+00 -4.069317657859611304e-01 -1.043503889749497038e+00
1.457601816026033559e+00 1.318390567770772570e+00 -1.763236488301598515e+00 -8.423971950166652123e-01 -3.189573909709032540e-01 -8.061601162924282304e-01
8.852871314396180136e-01 8.520196341902847026e-01 -1.278090505693156409e+00 -6.301193385855184959e-01 -2.174063720645219022e-01 -5.374681216003648343e-01
3.111745269429202487e-01 3.853907819269233870e-01 -7.957838421770239146e-01 -4.202750478773382703e-01 -1.142874053481130053e-01 -2.673976041576071050e-01
-2.631160825593951147e-01 -8.035615258291627094e-02 -3.170849199485711867e-01 -2.129740539348976558e-01 -1.023838451548911982e-02 3.060364341094096857e-03
-8.376234166040057438e-01 -5.455615496373324991e-01 1.592015179210488074e-01 -7.436832174655062973e-03 9.459050849521345727e-02 2.739365751405308247e-01
-1.411245966718388978e+00 -1.009519736833056180e+00 6.328541513331668034e-01 1.964096647744068835e-01 1.998709830910809226e-01 5.446893385868550874e-01
-1.984363853820738877e+00 -1.472571217493852780e+00 1.104277989866436771e+00 3.988034547942419517e-01 3.055374144301130634e-01 8.153896684959113239e-01
-2.526921290195581093e+00 -1.906334763916934349e+00 1.534012843163734319e+00 5.793532263688494499e-01 4.091776777104934593e-01 1.071935567884057416e+00
-3.001004532397478997e+00 -2.279072590942069709e+00 1.888055998437674576e+00 7.218230114181042323e-01 5.078706519510450823e-01 1.298972774234437688e+00
-3.378059440793812485e+00 -2.569476172841102635e+00 2.150119504633420053e+00 8.201832103106383443e-01 5.973964990268506581e-01 1.484840543080499176e+00
-3.657473957886208105e+00 -2.776883629487597371e+00 2.319121728931671456e+00 8.738115679618196907e-01 6.778405992069325148e-01 1.629311573752070252e+00
-3.836553020589563712e+00 -2.899021725687310536e+00 2.392568317161983149e+00 8.815134577916675651e-01 7.489692970291405016e-01 1.731266718801155013e+00
-3.911632112891524127e+00 -2.932868061878604493e+00 2.367292387928086939e+00 8.418332999831966701e-01 8.103496381642082413e-01 1.789131969097421226e+00
-3.856852265021580184e+00 -2.859045347208703625e+00 2.227623320674857688e+00 7.492452778942745306e-01 8.564424894547687517e-01 1.790942014831218954e+00
-3.655843999789966325e+00 -2.666639200353080774e+00 1.968111467665788483e+00 6.035723701891170245e-01 8.815756581574906159e-01 1.728176121499221951e+00
-3.337134278124745723e+00 -2.379188025384042504e+00 1.613256144073889509e+00 4.162080114866903435e-01 8.885764448876924959e-01 1.612663188905998801e+00
-2.940103702370620464e+00 -2.027143308327367333e+00 1.190156050425279499e+00 1.978569075509837294e-01 8.847091906477471124e-01 1.462233118650055674e+00
-2.492516309747610848e+00 -1.630565232758344196e+00 7.132375832541958394e-01 -4.738987577039090876e-02 8.772926948875479081e-01 1.290395442103106749e+00
-1.930062684510573501e+00 -1.151495318446607241e+00 1.780311520851989571e-01 -3.082774116344366155e-01 8.380558388490051414e-01 1.061731042412775494e+00
-1.357847529060947300e+00 -6.654101533027899640e-01 -3.626385043747413217e-01 -5.704074744861913349e-01 7.947331471393537239e-01 8.271407913378693300e-01
-7.847543967276160437e-01 -1.781360918329517040e-01 -9.060619590502516640e-01 -8.339361060924967983e-01 7.507604433918912967e-01 5.914769011592033721e-01
-2.102945646449927708e-01 3.101402361306837552e-01 -1.450587108077848963e+00 -1.097633843709631130e+00 7.054862389861139560e-01 3.543944732872462700e-01
3.614681713642471927e-01 7.974753451359666290e-01 -1.997591828309199125e+00 -1.363337309436008393e+00 6.610555771341297682e-01 1.182312320180262666e-01
9.086599890269655422e-01 1.275169829556642265e+00 -2.562671594802043984e+00 -1.645169512408876544e+00 6.258699978327509905e-01 -1.071834366766131058e-01
1.451682588543127261e+00 1.750458156780209551e+00 -3.132515993389147546e+00 -1.927798193987869446e+00 5.804604382542908336e-01 -3.381242174903972275e-01
1.994401089406254268e+00 2.220231141008778941e+00 -3.690056314000331295e+00 -2.197366092396827231e+00 5.133976470121613955e-01 -5.810557238251545797e-01
2.487721530658401292e+00 2.631544861165773241e+00 -4.150925598783916648e+00 -2.403947754837743478e+00 4.127093227664005992e-01 -8.218677945750135772e-01
2.917047880145043237e+00 2.975038376204297119e+00 -4.511225087734668016e+00 -2.548287975491921209e+00 2.846892715224724202e-01 -1.052314610212405688e+00
3.297919827397778558e+00 3.268391462646440981e+00 -4.801097586719680343e+00 -2.648435772488918261e+00 1.336071260979032893e-01 -1.276888021987683475e+00
3.629260771553357134e+00 3.510508064411405282e+00 -5.019025648304484832e+00 -2.703453412798569655e+00 -4.099073101839105504e-02 -1.495426034545554117e+00
3.909984726277782929e+00 3.700282599148426499e+00 -5.163478672182441720e+00 -2.712395059189090851e+00 -2.395617777764630918e-01 -1.707765189922034743e+00
4.138996287543787567e+00 3.836599925530833399e+00 -5.232912860017825629e+00 -2.674306742403443682e+00 -4.625673658191337134e-01 -1.913740562522973532e+00
4.315190601408283477e+00 3.918335310550118411e+00 -5.225771170288915357e+00 -2.588226333335697849e+00 -7.104727337357811257e-01 -2.113185754102560931e+00
4.437453331789840583e+00 3.944354396810007657e+00 -5.140483273131073005e+00 -2.453183515207394194e+00 -9.837470203161559068e-01 -2.305932888741862641e+00
4.504660628246143439e+00 3.913513169820527882e+00 -4.975465505179847980e+00 -2.268199755743919521e+00 -1.282863277804151103e+00 -2.491812607827319948e+00
4.473040583606239018e+00 3.788868994709101656e+00 -4.685312058575260785e+00 -2.013895485854182876e+00 -1.592029739009041212e+00 -2.644854430288728242e+00
4.365965072143137782e+00 3.593787294226617579e+00 -4.303738551797643197e+00 -1.709549184332693983e+00 -1.907537563238102418e+00 -2.772393207164737916e+00
4.163782217081108961e+00 3.315373906227825795e+00 -3.819520288186665891e+00 -1.355523926888835939e+00 -2.208875014952208726e+00 -2.855426606905843379e+00
3.870938980900695547e+00 2.964193050257314166e+00 -3.254107435958553562e+00 -9.705120734297303375e-01 -2.472722770805388492e+00 -2.882942147771702324e+00
3.564027641594873064e+00 2.603842823169066900e+00 -2.683745298851949013e+00 -5.858687977874593722e-01 -2.728978322147407098e+00 -2.901468382048876471e+00
3.245966495082064807e+00 2.236551732222705091e+00 -2.110355471469012922e+00 -2.023178422941228349e-01 -2.978241562287636590e+00 -2.912357905126853552e+00
2.921144508425452813e+00 1.865445272922566566e+00 -1.536642950781528238e+00 1.796126616858386704e-01 -3.223173723783025135e+00 -2.918701340756338691e+00
2.590025300811425346e+00 1.490746924377193361e+00 -9.623601817423330651e-01 5.601250497565466446e-01 -3.463774376974929403e+00 -2.920603926897824554e+00
2.254007001291975953e+00 1.113277518608647210e+00 -3.878193397100745399e-01 9.394786491430280329e-01 -3.701238414454834924e+00 -2.919211147240097226e+00
1.913328624909158115e+00 7.332116685923116828e-01 1.869981924694283371e-01 1.317631390917860301e+00 -3.935253962653298743e+00 -2.914397155173248599e+00
1.568313829176478214e+00 3.509315593974261516e-01 7.616560802914920103e-01 1.694169904078417499e+00 -4.165117836184694333e+00 -2.905862886055308181e+00
1.220316998063132541e+00 -3.294602918994841978e-02 1.336181499734009792e+00 2.069784931539302431e+00 -4.392917778599430001e+00 -2.895255169590184252e+00
8.694506269840791557e-01 -4.183137475639912006e-01 1.910539458945084812e+00 2.444394621974528281e+00 -4.618368913287098643e+00 -2.882434552593062360e+00
5.160215669651438963e-01 -8.050099878320637892e-01 2.484745343479529023e+00 2.818100881330241503e+00 -4.841706472874470535e+00 -2.867628177936466738e+00
1.602843377468607666e-01 -1.192905284782270536e+00 3.058824556728473976e+00 3.190999467026070846e+00 -5.063139058447813312e+00 -2.851031509952658638e+00
-1.975492321886328506e-01 -1.581891857604602158e+00 3.632799754602638043e+00 3.563169975960432723e+00 -5.282836203957451460e+00 -2.832804598258010120e+00
-5.514537532011302146e-01 -1.953519552126978809e+00 4.168205676528208947e+00 3.899117841957686625e+00 -5.452013645324846003e+00 -2.788407448852348480e+00
-8.883640384411740643e-01 -2.294882986483214093e+00 4.647323379232684459e+00 4.188439189884107350e+00 -5.567319329161953156e+00 -2.721055358722492379e+00
-1.206767024768525376e+00 -2.613273461007156850e+00 5.089489792486562081e+00 4.451506105042311034e+00 -5.661337562967626802e+00 -2.649262089576846169e+00
-1.504714337605729924e+00 -2.906850090400063813e+00 5.492334035747516552e+00 4.686971583457888002e+00 -5.733713362700648908e+00 -2.573570407194905041e+00
-1.780511735428756070e+00 -3.174029934877282688e+00 5.853841372523760356e+00 4.893708060922384639e+00 -5.784196274520746250e+00 -2.494483473885792169e+00
-2.019627050333016705e+00 -3.391947999684196802e+00 6.133681360004734628e+00 5.039241244115621576e+00 -5.776877248096625728e+00 -2.397848430638027661e+00
-2.223731732729663513e+00 -3.567646313513356926e+00 6.347280308183739450e+00 5.138141285694472593e+00 -5.732329408414718053e+00 -2.294328753442132385e+00
-2.366861526802150006e+00 -3.662970537097774759e+00 6.429098976613237149e+00 5.139013757796063508e+00 -5.596644781558398840e+00 -2.164289434606443407e+00
-2.459171714057419411e+00 -3.697956544857032846e+00 6.417286052775375893e+00 5.074515614215432180e+00 -5.409926839945530475e+00 -2.025857834904742916e+00
-2.507421992681986289e+00 -3.683515103180722949e+00 6.331348375898751435e+00 4.960426727152522197e+00 -5.189717942572418252e+00 -1.886060120648003879e+00
-2.512713693104516199e+00 -3.621091660123082256e+00 6.173690977068113206e+00 4.798501706730547767e+00 -4.937540778209211112e+00 -1.745297664635558244e+00
-2.476573346380098517e+00 -3.512563243151944459e+00 5.947314766854734813e+00 4.590862316910779839e+00 -4.655092929471297936e+00 -1.603905577446279596e+00
-2.400920874425173768e+00 -3.360206172179016182e+00 5.655771956862625238e+00 4.339970008276824665e+00 -4.344233788802560170e+00 -1.462157664594187834e+00
-2.288037780252378361e+00 -3.166663772590049053e+00 5.303121481274616578e+00 4.048598450818820638e+00 -4.006971474458524085e+00 -1.320271383684050726e+00
-2.140535338205471483e+00 -2.934914088275107691e+00 4.893884418398575242e+00 3.719806066717706194e+00 -3.645449746489615617e+00 -1.178412801566991908e+00
-1.961322784194191371e+00 -2.668237594658760425e+00 4.432999412213501245e+00 3.356908563129429535e+00 -3.261934922724329056e+00 -1.036701551496095330e+00
-1.756805406158854721e+00 -2.374542911257506717e+00 3.932990328939083291e+00 2.968891091290995821e+00 -2.864039915395320435e+00 -8.968490210571923305e-01
-1.529669864256711920e+00 -2.056554671664060141e+00 3.397667124201032340e+00 2.558067100422496853e+00 -2.452735128512891549e+00 -7.583501806850637683e-01
-1.394823551861777755e+00 -1.866943779566202055e+00 3.077831319587936321e+00 2.312137490284118080e+00 -2.205474202096985525e+00 -6.744357553298013785e-01
-1.252148571984566416e+00 -1.669592128890144522e+00 2.747405569595726682e+00 2.059953948724893014e+00 -1.956059737834927814e+00 -5.923569282872478414e-01
-1.029031927341734098e+00 -1.367770132613830292e+00 2.247291270974544286e+00 1.682282346785656912e+00 -1.591392830108304901e+00 -4.779456975288261522e-01
-7.823706764496226596e-01 -1.037416331337378761e+00 1.702509770719247584e+00 1.272905383434284055e+00 -1.200623348909790167e+00 -3.582649682741586017e-01
-5.266462122495304543e-01 -6.971493257583309955e-01 1.143149033136042991e+00 8.539508954926848805e-01 -8.037944905796100548e-01 -2.387477162203305581e-01
-2.648467742955317172e-01 -3.502401932290153397e-01 5.740227936116928387e-01 4.285830416483979444e-01 -4.029125431974380223e-01 -1.193445653548935864e-01
-2.129744195129683512e-16 -2.815492154088444727e-16 4.613669471005902555e-16 3.444116764376433887e-16 -3.236498138232842683e-16 -9.577813691130376394e-17
