-2.999999092048122051e+01 -2.328903242670813256e+01 2.129748275722213435e+01 8.123675382506558407e+00 6.699080939593524242e+00 1.476088074456863986e+01
-2.912594257497316264e+01 -2.258893206683263344e+01 2.059772904931625348e+01 7.832348405451208251e+00 6.521765855173027759e+00 1.433627574263190141e+01
-2.653373592959802707e+01 -2.051261836968700791e+01 1.852238697889957564e+01 6.968410148100241841e+00 5.995622186504609985e+00 1.307675823249645042e+01
-2.231318615780294223e+01 -1.713205348271389283e+01 1.514321370587504845e+01 5.561988631898904245e+00 5.138054687367466400e+00 1.102522070118654973e+01
-1.720070993815492599e+01 -1.301971277935557225e+01 1.098553412047499478e+01 3.814743335683556946e+00 4.111489969569236180e+00 8.542551216628352151e+00
-1.003985740302825569e+01 -7.284190231176740582e+00 5.251123304408242376e+00 1.429935237631084988e+00 2.650469115042100476e+00 5.056331558092508338e+00
-9.645579079605681727e-01 -5.307587537764568708e-02 -1.878749509935824236e+00 -1.495997358164724567e+00 7.633240110936649891e-01 6.246331347047977545e-01
7.897037427689742373e+00 7.015151659486830837e+00 -8.870422495418143427e+00 -4.370204098263302583e+00 -1.082222963072585920e+00 -3.709075641856559358e+00
1.754994416775717880e+01 1.465214123693493775e+01 -1.625923637428591206e+01 -7.341767048357883851e+00 -3.151441935455133070e+00 -8.452163818088555658e+00
2.778451567456541582e+01 2.256731210451911807e+01 -2.342483527605682170e+01 -1.003134894308799119e+01 -5.496439223762711990e+00 -1.352743213525439536e+01
2.997741089541123216e+01 2.422981673901901090e+01 -2.484542404958281736e+01 -1.051808114463729282e+01 -6.054894990887321526e+00 -1.464936997469588320e+01
3.002002784664504986e+01 2.428455183094180470e+01 -2.496831484236224696e+01 -1.057650679715615105e+01 -6.092603652548536530e+00 -1.470725952771700484e+01
3.002259047968840733e+01 2.434114351168663504e+01 -2.518785232387179107e+01 -1.070508633504679352e+01 -6.108322275006085711e+00 -1.475019828354164275e+01
2.997685323174436789e+01 2.435639698786104290e+01 -2.536313425775298214e+01 -1.080833609346198010e+01 -6.131039818703494682e+00 -1.478376664191807954e+01
2.697299587448743807e+01 2.171370454703316710e+01 -2.209917824392134023e+01 -9.201612505158582422e+00 -5.753335909193367570e+00 -1.341719557189367684e+01
2.320493138569199232e+01 1.869392319759025156e+01 -1.909363477699294975e+01 -7.931245998285904264e+00 -5.050299238527882650e+00 -1.164230181587733881e+01
1.900779017883280630e+01 1.533034419118431124e+01 -1.574535765054099379e+01 -6.516851998578918170e+00 -4.264522283918482870e+00 -9.662866056477659171e+00
1.436490965434359879e+01 1.160961703924257726e+01 -1.204103440548325743e+01 -4.952841125782587284e+00 -3.392776098277032304e+00 -7.470930837195280283e+00
9.259380578973022580e+00 7.518193644158880140e+00 -7.967155536602689381e+00 -3.233541267686179665e+00 -2.431783940825337442e+00 -5.058420918179425740e+00
3.674047085784229338e+00 3.042328299293359350e+00 -3.510014492547099962e+00 -1.353197580123084443e+00 -1.378221277095058372e+00 -2.417143276227723625e+00
-2.408493325844822230e+00 -1.831922311027398331e+00 1.344292324170665687e+00 6.940275130290735062e-01 -2.287157789277786402e-01 4.612128952136980153e-01
-1.240434901521652122e+01 -1.006354081234884568e+01 1.019684847972041908e+01 4.581700759884440366e+00 1.694424249871885113e+00 5.335293270183995240e+00
-1.795349601322303812e+01 -1.450895100120306225e+01 1.463515027475825647e+01 6.436835411297861853e+00 2.796523294823210382e+00 8.009608666658607490e+00
-2.305243384540833773e+01 -1.859365140523878068e+01 1.871369895590295584e+01 8.141030093118779121e+00 3.811037699613015750e+00 1.046861127698654670e+01
-2.993299794244053658e+01 -2.444355212444616399e+01 2.556605758424913688e+01 1.123153394066310184e+01 5.277851104214787981e+00 1.404852092030081501e+01
-2.998905674542545441e+01 -2.441224420620318369e+01 2.533351446919151329e+01 1.105567417695721133e+01 5.361177376112944870e+00 1.410315755103514945e+01
-3.000640355306368079e+01 -2.438584801825462023e+01 2.520750678999421268e+01 1.095449523283661009e+01 5.426570396046498601e+00 1.414798070848114264e+01
-2.993825320125572276e+01 -2.427774021535004323e+01 2.495515727724897914e+01 1.079695436518255747e+01 5.452850774889284935e+00 1.412453544354481672e+01
-2.989699209850315142e+01 -2.420540549456352508e+01 2.477789944294788427e+01 1.068365572832458099e+01 5.477287101301977934e+00 1.411467916873265338e+01
-2.992772602666151727e+01 -2.419211600166453380e+01 2.466069096434959462e+01 1.059945311561575743e+01 5.505855970970618962e+00 1.413087106878533561e+01
-2.969255494984101418e+01 -2.396943960916827265e+01 2.435095587175228715e+01 1.043407038761279537e+01 5.498003736780987083e+00 1.403347358220127106e+01
-2.723447116622037711e+01 -2.156800287321359733e+01 2.084039369917412188e+01 8.568777021907017399e+00 5.385955848877383545e+00 1.290632918372227955e+01
-2.222932592863839574e+01 -1.732068882081739503e+01 1.609518622974503543e+01 6.293030615858127064e+00 4.913361748636003057e+00 1.078276893204955478e+01
-1.710678515068593697e+01 -1.297406649821417979e+01 1.123968439950980169e+01 3.964679604180012085e+00 4.429102470093519095e+00 8.609118560855058888e+00
-1.201162601076436154e+01 -8.637470063518263075e+00 6.364019380718873187e+00 1.616820266961872088e+00 3.961703089421016788e+00 6.450880424719641404e+00
-6.656124486286004505e+00 -4.090653678820639350e+00 1.279597769193407064e+00 -8.236549608317420557e-01 3.460104467041897003e+00 4.180653541099787596e+00
-1.156181875611565824e+00 5.783611285297959315e-01 -3.940564905687789388e+00 -3.328882397286849315e+00 2.944174703616813549e+00 1.848807219184502415e+00
6.131544593076022842e+00 6.562227115085924822e+00 -1.016160056466339867e+01 -6.155282106216231952e+00 2.006886531157585640e+00 -1.326575699180765788e+00
1.438645466307459309e+01 1.314524745536713368e+01 -1.655021926972783675e+01 -8.880494230152365276e+00 6.703676465776986504e-01 -5.030165303700818491e+00
1.877671530387181420e+01 1.677142401641227565e+01 -2.039302266288637000e+01 -1.063080763225537950e+01 7.119301868576466408e-02 -6.982564431927682058e+00
2.256663918711632988e+01 1.989179923089887581e+01 -2.367836518605262341e+01 -1.211716200818741740e+01 -4.645355921412877009e-01 -8.676970012787617037e+00
2.447670114842617295e+01 2.175679402496698245e+01 -2.633476821441540494e+01 -1.357763840239810627e+01 -3.617237589521454244e-01 -9.401908285008856225e+00
2.978436719797596410e+01 2.530554414144542719e+01 -2.814390846413468239e+01 -1.365732487984259258e+01 -2.212019333568422841e+00 -1.217909807384974918e+01
2.999683299330205699e+01 2.544986018371034930e+01 -2.824785367728440733e+01 -1.366124808525066037e+01 -2.350207843326109991e+00 -1.234231399670469465e+01
2.999392946912182367e+01 2.547663613706736996e+01 -2.836372824150764416e+01 -1.372735559418183726e+01 -2.364903962765156464e+00 -1.236954639485265695e+01
2.997879737414198331e+01 2.551831465595784465e+01 -2.854964299291815877e+01 -1.385038903783072683e+01 -2.332454467536285048e+00 -1.236954506946768895e+01
2.916358664785808585e+01 2.529125448257438080e+01 -2.942842355535974264e+01 -1.461125890711877595e+01 -1.812436507036816913e+00 -1.191174199702669689e+01
2.838570259835444531e+01 2.492604501839950970e+01 -2.992706443149820927e+01 -1.497386593374492492e+01 -1.924920394895281328e+00 -1.181109276965923627e+01
2.837610944250602074e+01 2.473898354144984779e+01 -2.958912655049470786e+01 -1.452858425112595953e+01 -2.861523088864339037e+00 -1.234873236579219125e+01
2.765709593073414752e+01 2.361203770459482598e+01 -2.748135640254542622e+01 -1.293426834361977562e+01 -4.315493843768492432e+00 -1.284161988660237697e+01
2.365161785273438610e+01 1.921580026871498603e+01 -2.061495478046447261e+01 -8.669840077234217901e+00 -6.087213211383135203e+00 -1.217710831576382624e+01
2.115079133976793102e+01 1.662748799866652050e+01 -1.697885270427924809e+01 -6.387837904074076256e+00 -7.279016716656959041e+00 -1.187478665051564874e+01
1.859402311903735949e+01 1.398222235022727311e+01 -1.326389993483878094e+01 -4.057107953044952531e+00 -8.494393279884484116e+00 -1.156404878856556451e+01
1.598082421886308602e+01 1.127950701624801511e+01 -9.469411223403406908e+00 -1.677228005039660186e+00 -9.733544025269093680e+00 -1.124481852976894558e+01
1.331070398592352788e+01 8.518843982709842777e+00 -5.594698964567225374e+00 7.522256111195395611e-01 -1.099667076870839288e+01 -1.091701941191818825e+01
1.058317008525543379e+01 5.699733528724460818e+00 -1.639073196258506560e+00 3.231678018680693487e+00 -1.228397601779420434e+01 -1.058057471074283740e+01
7.797728500253580997e+00 2.821674226533899876e+00 2.398158400260697043e+00 5.761555792962380629e+00 -1.359566297181253702e+01 -1.023540743990944257e+01
4.953883532670709577e+00 -1.158370584895277444e-01 6.517690500394603959e+00 8.342286961353726937e+00 -1.493193552174363781e+01 -9.881440351021565149e+00
2.051137802618196559e+00 -3.113305167842610022e+00 1.072022013621289815e+01 1.097430100331399316e+01 -1.629299825026194881e+01 -9.518595933620026983e+00
-4.200741376213276368e+00 -8.854451588763630809e+00 1.818412936789684409e+01 1.488561056745854394e+01 -1.616171399190500324e+01 -7.015011479865368216e+00
-6.944508339990401069e+00 -1.147643174633616070e+01 2.160069115653682559e+01 1.685507812255353954e+01 -1.675821179795389426e+01 -6.302414733872270247e+00
-1.305547000022224324e+01 -1.660529168798518640e+01 2.767896690533354587e+01 1.949292276789074663e+01 -1.492194936471100775e+01 -2.925700232399115031e+00
-1.564336492440534698e+01 -1.856153524242747466e+01 2.962604721978621214e+01 2.008159599680352159e+01 -1.358822144585167635e+01 -1.214416557156287269e+00
-1.634139884027834100e+01 -1.901334347120745960e+01 2.987097137392304802e+01 2.005544934476055730e+01 -1.318210388315877424e+01 -7.504971826034747551e-01
-1.688349228272829805e+01 -1.934059353478209786e+01 2.999567560718328707e+01 1.997723802711517394e+01 -1.279796897751523055e+01 -3.543317996899215672e-01
-1.712817535469633512e+01 -1.946891685835839425e+01 2.996020273868638384e+01 1.989495369982810757e+01 -1.266289713106667847e+01 -2.074001360314499109e-01
-1.734797059996713031e+01 -1.959145379152484878e+01 2.995089246594520205e+01 1.983881452315675631e+01 -1.255670545196260690e+01 -8.256469312665259963e-02
-1.773051906443258829e+01 -1.980440731335749405e+01 3.000557947766376188e+01 1.973931099692614666e+01 -1.219206086242738962e+01 2.510203882856609781e-01
-1.790715123812151433e+01 -1.990307982699095390e+01 3.000340105422055004e+01 1.969461761032386349e+01 -1.209546100893138032e+01 3.587053230060806008e-01
-1.805926792988881502e+01 -1.998688983167311761e+01 2.999792344992848570e+01 1.965327122751693878e+01 -1.200978091313383445e+01 4.526288128577564684e-01
-1.823403383270002109e+01 -2.007470878440672735e+01 2.998516704634861441e+01 1.958476813510606362e+01 -1.184427441218592136e+01 6.008702726326262678e-01
-1.838271845093514756e+01 -2.014683066954478363e+01 2.996635835838762674e+01 1.952014732864372704e+01 -1.169784814069239687e+01 7.296811306420218912e-01
-1.851089019617809228e+01 -2.020757191269190400e+01 2.994544060904018679e+01 1.946094575944311345e+01 -1.156929850043709251e+01 8.417038782784895812e-01
-1.862325749044255119e+01 -2.026029664393546526e+01 2.992507886035336639e+01 1.940776108696713464e+01 -1.145647022514104663e+01 9.398051474513398063e-01
-1.871283798926958752e+01 -2.022308699799264886e+01 2.971327474076209896e+01 1.917078988022027275e+01 -1.107575732249493328e+01 1.177346459366241271e+00
-1.802843510284109030e+01 -1.837918434898364239e+01 2.592257378139264290e+01 1.575792718773035261e+01 -6.565519453212186107e+00 3.389134732040812281e+00
-1.711794326006791067e+01 -1.723290005845682771e+01 2.406236443932539260e+01 1.442681390758468218e+01 -5.465689417027402186e+00 3.635782081302491253e+00
-1.609898831881064751e+01 -1.598366063939182169e+01 2.206892031626598083e+01 1.301954774606285703e+01 -4.344544342535531456e+00 3.853046694343140732e+00
-1.498505685960472356e+01 -1.464515499570192958e+01 1.996114161175562174e+01 1.154777414651134038e+01 -3.207631540306159934e+00 4.043030286722705924e+00
-1.378918788593362521e+01 -1.323061773977401856e+01 1.775730128735115443e+01 1.002275207675842061e+01 -2.060314223175284454e+00 4.207764824693507322e+00
-1.154413836377699276e+01 -1.021926396134771409e+01 1.277167660064285393e+01 6.285743604924812544e+00 1.473420205274104333e+00 5.280545119515154262e+00
-8.814859265022278123e+00 -6.616649671619601492e+00 6.858106754506781755e+00 1.885687831935323189e+00 5.564635414883767339e+00 6.473437238691631457e+00
-5.980505829312567911e+00 -3.134809580032730025e+00 1.351326429095031756e+00 -2.046576854393592271e+00 8.846516828427450463e+00 7.180974482982424689e+00
-3.660164180096369790e+00 -5.254824009243925786e-01 -2.568933969484177737e+00 -4.673677057821327807e+00 1.063087565298610215e+01 7.263960666846900338e+00
-1.385650547941040145e+00 2.020232570985109888e+00 -6.380004179771731287e+00 -7.219265408727832067e+00 1.234055914381250929e+01 7.324184560865445448e+00
8.200144858409323945e-01 4.478969403553977102e+00 -1.004962297890091349e+01 -9.663464008873765110e+00 1.396609845788153059e+01 7.365233635843914328e+00
2.935470440002719172e+00 6.829047169243857240e+00 -1.354785562123336540e+01 -1.198782842947618299e+01 1.549870758579090690e+01 7.390436656674826743e+00
4.941016933362640806e+00 9.050469945119093751e+00 -1.684709383835772201e+01 -1.417534771120747905e+01 1.693028335176020249e+01 7.402863682336938922e+00
6.818613684804479824e+00 1.112492681284719609e+01 -1.992205583909048272e+01 -1.621044436419605361e+01 1.825340541363142322e+01 7.405326065895501131e+00
8.551880513277430040e+00 1.303579185869874024e+01 -2.274978630947578040e+01 -1.807897436802610613e+01 1.946133626286889040e+01 7.400376454502164414e+00
1.012609733779603793e+01 1.476812417354731721e+01 -2.530965641278532630e+01 -1.976822717173763522e+01 2.054802122455915026e+01 7.390308789394999245e+00
1.123939193311605855e+01 1.592089972859629832e+01 -2.694313908076889064e+01 -2.078523082043763992e+01 2.104695119521635149e+01 7.235051908919813535e+00
1.243813832735813563e+01 1.723634828998132207e+01 -2.888271453363217844e+01 -2.206249719536343434e+01 2.186236407185480246e+01 7.220912398069645910e+00
7.163538894916563038e+00 9.989867164716816461e+00 -1.678828843058665399e+01 -1.286094148264906067e+01 1.282551952867195588e+01 4.287482996439632821e+00
7.717606117729581605e+00 1.059712554434822174e+01 -1.768280037464590393e+01 -1.344946312657865661e+01 1.319996143334074823e+01 4.279637147069878189e+00
1.258508939327604814e+01 1.692577858780816769e+01 -2.796809797710059797e+01 -2.106037951171228073e+01 2.020090546312835045e+01 6.250955820746451508e+00
1.313511710555760281e+01 1.752753223750307043e+01 -2.885325459293394346e+01 -2.164196741379055666e+01 2.056909936992618881e+01 6.241282642470088682e+00
1.353056418083393098e+01 1.795996496770210982e+01 -2.948911112994776929e+01 -2.205960661622654584e+01 2.083315216872923514e+01 6.233972705437690109e+00
1.376886048117266981e+01 1.822046808370259896e+01 -2.987206577672349539e+01 -2.231107784664016691e+01 2.099200670844718530e+01 6.229426533627109741e+00
1.384846392381443003e+01 1.830747636868296624e+01 -2.999995744641001139e+01 -2.239504954160340233e+01 2.104502869842586676e+01 6.227884441425060480e+00
