4.788508332724838112e+00 3.691486537726578199e+00 -3.305965818111956001e+00 -1.230362143380802964e+00 -1.095741280617624103e+00 -2.367270733017923234e+00
8.844546877441358390e+01 7.091549637877183443e+01 -7.107296582738182167e+01 -2.966155637029054049e+01 -1.788400905563165111e+01 -4.294871705869124412e+01
1.841243000757262394e+02 1.473361719347066412e+02 -1.468854183763644130e+02 -6.099767073231145531e+01 -3.750533773254579017e+01 -8.951273090716773595e+01
2.416974648264865948e+02 1.940967526711181392e+02 -1.953722963581743954e+02 -8.180694705392399158e+01 -4.873556696594619098e+01 -1.173961416525391002e+02
3.103123227733303793e+02 2.494045989725462107e+02 -2.516337877814940782e+02 -1.055288139342945612e+02 -6.254181088998134896e+01 -1.508014398518855614e+02
4.386286277889676626e+02 3.501168991561747816e+02 -3.468490299699098500e+02 -1.430132981834332782e+02 -9.056636252059601588e+01 -2.139180384464717122e+02
4.771885142083150413e+02 3.802510726709958249e+02 -3.750684064273335707e+02 -1.538948314790223435e+02 -9.939879713354487478e+01 -2.331963264340645026e+02
4.609096911093500353e+02 3.676572157040881166e+02 -3.638190807511339813e+02 -1.495069789197260377e+02 -9.624789120672700449e+01 -2.256538247762796061e+02
5.778982538618172384e+02 4.514443792687470136e+02 -4.211381499403957491e+02 -1.633209784805681011e+02 -1.285255002454768203e+02 -2.852983223732920237e+02
3.411830266942893104e+02 2.614913799136499506e+02 -2.303419335694898393e+02 -8.354701880181524132e+01 -8.076247629650930548e+01 -1.703652038517305130e+02
3.077655731869353595e+00 2.120167098519629256e+00 -1.791755518185434992e+00 2.090057311367290449e-01 -3.004116599300459267e+00 -3.507285961788420448e+00
-3.490382726597589969e+00 -1.112177269327113027e+00 -4.146132323710286727e+00 -2.641717599533476513e+00 -5.596220825302711255e-01 -3.254882705941327115e-01
1.795742292410295704e+01 1.975843326420129742e+01 -3.523604446672052148e+01 -1.892062837238088235e+01 -3.122245066232047783e+00 -1.097695882685869861e+01
-7.509894841660913301e+01 -6.667310903492170837e+01 8.327535478739918062e+01 4.202784582108275657e+01 7.030838772212020693e+00 3.225497685035831807e+01
-1.950218228799987799e+02 -1.644313355386127000e+02 1.857133022121916213e+02 8.620082949742359801e+01 3.057737856244588670e+01 9.065880205060049946e+01
-2.050606237931395981e+02 -1.621475269787354136e+02 1.554564742221797076e+02 6.362083776637607002e+01 3.986594272174811948e+01 9.695368217506602093e+01
-2.318091936866681522e+02 -1.863902377800134786e+02 1.872475852090730939e+02 7.965571284944371655e+01 4.305515803319786983e+01 1.093235798209657048e+02
-2.517418046634214761e+02 -2.014468779199679034e+02 1.997445201370603911e+02 8.407067428791086172e+01 4.742376075792576273e+01 1.188432624603494645e+02
-2.874846608924045768e+02 -2.309326621430924433e+02 2.315696048077981857e+02 9.811358058833816642e+01 5.419272658192328862e+01 1.361989488863159465e+02
-2.721359020676334239e+02 -2.161611988642473250e+02 2.096373521602494634e+02 8.705368406298882178e+01 5.121438215125890991e+01 1.276078779872745059e+02
-4.507539937169374866e+02 -3.683247170498829632e+02 3.877290857467086198e+02 1.685920228360525925e+02 8.587341084683671966e+01 2.175517569493593157e+02
-4.421643927182620928e+02 -3.624621107108212641e+02 3.854631680557407094e+02 1.677763893967806723e+02 8.636113878127038390e+01 2.159463752005895856e+02
-2.143938928033171862e+02 -1.666075590405440039e+02 1.513032225034253315e+02 5.942591827628070433e+01 4.232900056047666482e+01 1.004783515838650345e+02
-3.673788839506664772e+02 -3.066255768389443119e+02 3.427657936689422513e+02 1.517868180576917325e+02 7.571073125777955681e+01 1.858388495124640087e+02
-1.916629182457938043e+02 -1.623023079873329948e+02 1.890325905932656383e+02 8.410943605819061020e+01 4.331749995108581430e+01 1.016493676877947934e+02
4.799725031700030797e+01 4.484603650360658378e+01 -6.246384096365507332e+01 -3.189291537701779689e+01 -6.282902038863622529e+00 -2.339308914793931393e+01
-1.181884242088897530e+01 -8.047386802648540893e+00 4.686219453044301098e+00 8.762252589598841512e-02 5.098364332132012677e+00 7.494924151101926668e+00
7.232183160678244072e+00 8.402146306024754097e+00 -1.551858200130789278e+01 -8.964077201743203105e+00 2.423028427312124977e-01 -3.239574811704621471e+00
2.012902397301322491e-02 2.689809811683185004e+00 -9.873424096280599471e+00 -6.635337533874823279e+00 1.872892144659614733e+00 2.495150012901231618e-01
-5.664510736209852126e+00 -5.755618905833211230e+00 8.909120106830178187e+00 4.583617370109860367e+00 5.648943033669525660e-01 3.233452832961696721e+00
5.464564387203774487e+01 5.727669671232668236e+01 -9.260753455158933889e+01 -5.077549471895098065e+01 -8.889665101942159087e-01 -2.589729001944589015e+01
2.087517483266309171e+02 1.874934604737914867e+02 -2.366043421744962814e+02 -1.194147169542613227e+02 -1.578120716543308966e+01 -9.136485933269297277e+01
2.788288283362240350e+02 2.337120317415728721e+02 -2.535407922207550087e+02 -1.199080918504830606e+02 -2.752075712016529963e+01 -1.175902877787559646e+02
2.615754751025028213e+02 2.231692285179682074e+02 -2.523688446114262263e+02 -1.217940532740159369e+02 -2.394564358282688943e+01 -1.110673544575557941e+02
2.746048468751437781e+02 2.331003784575409554e+02 -2.605452889397633953e+02 -1.250472035480466957e+02 -2.569323580249260885e+01 -1.163630069878626898e+02
2.762142439436778432e+02 2.352619924491655752e+02 -2.648523158900701446e+02 -1.277033841555451659e+02 -2.499271718433952927e+01 -1.168238449747317560e+02
3.201222629813947265e+02 2.687295142136950403e+02 -2.933840860830835595e+02 -1.384638692855501461e+02 -3.364536540534520270e+01 -1.368658296866319404e+02
4.453998506268849269e+02 3.576896792887422407e+02 -3.529041110981938232e+02 -1.531880669713019074e+02 -6.794908473213780553e+01 -1.979529303891002030e+02
3.317133355129720371e+02 2.680480334871633090e+02 -2.692317179342501845e+02 -1.179727235766267057e+02 -5.055720642695750655e+01 -1.483297162468976467e+02
2.075396773857141000e+02 1.685224864431400249e+02 -1.720530078165465966e+02 -7.563230066499647819e+01 -3.288420728612977229e+01 -9.425884887925545286e+01
1.188596561526955355e+02 1.141368159326679574e+02 -1.585753844812301168e+02 -8.624740410263716228e+01 4.407755835396766741e+00 -4.559736289873175252e+01
2.094407560461804962e+02 1.554653824316694397e+02 -1.239156536645058395e+02 -4.074904275138295162e+01 -5.252649015405149413e+01 -1.021365985288156253e+02
1.734218861439976251e+02 1.116053616672358544e+02 -4.491039079615631380e+01 8.107765890685906029e+00 -6.789682457513393388e+01 -9.416739859770238752e+01
-3.886810847063994601e+01 -2.368142428828947743e+01 4.034731480189851283e+00 -4.772382164768013801e+00 1.278650766752042323e+01 1.844117324121516077e+01
1.486069318759767199e+01 9.907377021726661681e+00 -5.644648429471607720e+00 1.739446484158714903e-02 -7.185608833088233283e+00 -9.414861615610309542e+00
-2.339841344351867392e+01 -5.230500052285153245e+00 -2.870582295977129306e+01 -2.491007462833439234e+01 1.873548735699731083e+01 1.495483661500009021e+01
-5.126977601902382276e+01 -1.800968073065319075e+01 -4.622622617364558550e+01 -3.876553821151382095e+01 1.874080165876814874e+01 2.127172288969774883e+01
-2.094558245865924562e+01 -1.545955328374041216e+01 -2.045446986813856061e+00 4.074914651703883450e+00 -2.989306654932056873e+01 -1.260756799373364956e+01
1.176063022626610177e+01 -6.618481052414800558e+00 2.924752785758952101e+01 3.540984835079665061e+01 -6.341891865396045347e+01 -3.925890736160761918e+01
-1.401713403368112836e+02 -1.637942560880941016e+02 2.679679453361204082e+02 1.736155657034026945e+02 -9.071171559482505131e+01 8.298579388443798166e+00
-1.907659364098255139e+02 -2.029424339639821824e+02 3.039231130304189605e+02 1.874029662768180344e+02 -7.876483117887426033e+01 3.293493251405318745e+01
-1.154253761294326353e+02 -1.179729815507100739e+02 1.606655207286218285e+02 1.017153402284410362e+02 -5.821332085045954585e+01 1.133406749855824458e+01
-1.393755655808892300e+02 -1.445614775740542939e+02 2.043337045328600539e+02 1.279287044298356051e+02 -6.526235983720839329e+01 1.771254564594031322e+01
-1.365089661233906781e+02 -1.410884771388654144e+02 1.977163866809938781e+02 1.240871207870500967e+02 -6.503064129825472151e+01 1.644679431769376521e+01
-1.417721476912440437e+02 -1.464591901299506844e+02 2.055302404433003005e+02 1.286967751985787629e+02 -6.638448991859451098e+01 1.780251933099959061e+01
-1.414868957609897393e+02 -1.466727563757508790e+02 2.061205884442854028e+02 1.296893168516050423e+02 -6.874013038950889154e+01 1.634055211547076780e+01
-1.554200250651192334e+02 -1.588279411502164180e+02 2.213902048591202458e+02 1.368324177861057080e+02 -6.556655585127055019e+01 2.355194319530880165e+01
-1.181830177701434792e+02 -1.285310780016764909e+02 1.853834083061559284e+02 1.231241953422328521e+02 -8.357178564190442671e+01 -1.088258896049516311e+00
-2.715636570504545944e+02 -2.562586019353507254e+02 3.400208880802474596e+02 1.868049628065861612e+02 -2.245496585943852352e+01 9.302878324326316317e+01
-2.288574464580478036e+02 -2.145968852487371805e+02 2.810906254404807783e+02 1.541123026708359021e+02 -1.914878415511796916e+01 7.775595151324839094e+01
-2.214111174096690320e+02 -1.947279058844480915e+02 2.391190334655618130e+02 1.174704950326452888e+02 2.621388019059055097e+01 9.948925713053174036e+01
-2.718398737537069110e+02 -2.200028242275788273e+02 2.489937695313542179e+02 9.735017771972999867e+01 1.083971806598690364e+02 1.645305909190497573e+02
-5.316705037313021620e+01 -3.454098851613749588e+01 2.139685062158542905e+01 -1.710996637194904357e+00 3.650736726050122627e+01 3.899150488800210468e+01
-2.995381996000380198e+01 -1.885017625948784570e+01 8.610305370424114813e+00 -2.434141249328801493e+00 1.797249445916630606e+01 2.006435050128454733e+01
-2.117837810244635577e+01 -1.203167381623051924e+01 2.032846580117207758e+00 -4.891258065804894528e+00 1.532863995637162446e+01 1.541037999409019577e+01
-8.514439486330472207e+00 -4.350037720280488962e+00 -2.771170945470904812e+00 -3.128848938140137204e+00 2.002621386050860597e+00 3.324192393582562133e+00
-1.748497478578572029e+01 -9.844145476607280898e+00 2.040358610452717603e+00 -4.265640882428827219e+00 1.443433115097580632e+01 1.384210438768967677e+01
-1.585168610816969981e+01 -8.799489033480131894e+00 1.714151805660865113e+00 -4.176808454602586984e+00 1.397659836828088231e+01 1.308006171752860780e+01
-6.656473353661654713e+00 -3.747670963719357484e+00 -6.759515769633346327e-01 -1.603334544651163984e+00 1.874074254849144472e+00 2.925148760441767859e+00
-8.993031254811315378e+00 -4.780227380279672644e+00 -2.090125201811505462e-01 -2.880681552047235527e+00 7.065789634502522176e+00 6.784193620462429131e+00
-8.549819451234965229e+00 -4.002530547158923646e+00 -1.342808261701919026e+00 -4.072537256663498084e+00 9.189830847954757687e+00 7.852664991843054665e+00
-7.448765705610851384e+00 -4.250809438936297369e+00 6.382527220703100301e-01 -1.671730732025881627e+00 5.012683864136157297e+00 5.181880181037763045e+00
-5.001171882626207932e+00 2.040345747159837686e-01 -7.429977680240107851e+00 -8.626806881020156581e+00 1.381107467137454492e+01 9.125960466954474271e+00
-1.020657415935063206e+01 -1.433014455370122597e+01 2.261872778172056186e+01 1.858319106138593568e+01 -2.246561641239402363e+01 -8.787626813712877905e+00
1.420948486193075411e+01 5.468742220239786889e+01 -1.193940141511732520e+02 -1.111342520100231610e+02 1.533227325456910251e+02 7.857447308982148115e+01
4.649708262753528487e+01 9.009705773483850066e+01 -1.716954225675743260e+02 -1.454829232512640260e+02 1.749270582268110843e+02 7.796935358430425822e+01
4.950709455699288242e+01 5.308337123573811311e+01 -7.855983454653517128e+01 -4.967529756559267184e+01 2.531007824209702761e+01 -5.546580322992498147e+00
5.755863698360644776e+01 7.262495232405170498e+01 -1.174130174967957032e+02 -8.455063575439602630e+01 7.155989870668796016e+01 1.684940710365193084e+01
5.419400652986553979e+01 6.156747673935663556e+01 -9.389660457769161894e+01 -6.287941070002544564e+01 4.198346513615778974e+01 1.909822510878867119e+00
8.729955543521236905e+01 1.121356762724366973e+02 -1.820497831478016622e+02 -1.331254424969498302e+02 1.181370396777188745e+02 3.104779511629416078e+01
1.353356434453044983e+02 1.828300491806667765e+02 -3.035238289178772106e+02 -2.284693458535419381e+02 2.183578785770508262e+02 6.765067492496582702e+01
1.501643070327986038e+02 1.920609360414940738e+02 -3.102887737695997998e+02 -2.269777429240515119e+02 2.022327218752312206e+02 5.307481445196818726e+01
1.350780119496192526e+02 1.581047692211254798e+02 -2.433497519603823775e+02 -1.681705670316183614e+02 1.270811082925781363e+02 1.759104871405514459e+01
1.165691813574984792e+02 1.291844182387787043e+02 -1.922581299162540063e+02 -1.273078439428931432e+02 8.263943603452986508e+01 3.293986061907178131e-01
1.180394039166469327e+02 1.322574324623676887e+02 -1.980745553811361788e+02 -1.324607433677488473e+02 8.940635731069457393e+01 3.513062158693429193e+00
1.127129843989633713e+02 1.253085284881091184e+02 -1.866587395005139456e+02 -1.240758543937552645e+02 8.191474623012267386e+01 1.474168907043419185e+00
1.076455529489809635e+02 1.194011643942809826e+02 -1.775261212351510665e+02 -1.178265561655978644e+02 7.739059759223336243e+01 9.630305932592407858e-01
1.019101118011747218e+02 1.128244172207081277e+02 -1.674837240428848872e+02 -1.110216056971372041e+02 7.261087396798637883e+01 5.652620607915820328e-01
9.267884945757464266e+01 1.018861466789082897e+02 -1.505165055778798546e+02 -9.920145846834199688e+01 6.345554615173173829e+01 -8.929164592030264247e-01
9.270983726009437476e+01 1.035934628321440982e+02 -1.546061022120265136e+02 -1.033443982256509770e+02 6.984158427279825787e+01 2.616990612202301669e+00
5.431842892354057994e+01 5.413769166498168772e+01 -7.456950124993930729e+01 -4.444569718348156329e+01 1.643495289717525409e+01 -1.192622792486449512e+01
1.107870375661901363e+02 1.315630760734908904e+02 -2.036487390536657074e+02 -1.425782221319846883e+02 1.126706214125111813e+02 1.920386115035417873e+01
-1.354815675882625214e+02 -1.939521518841823990e+02 3.297481274075258284e+02 2.555558878072186531e+02 -2.613371721191337542e+02 -9.141078569532923837e+01
-2.069972518055426747e+02 -2.843473875761221166e+02 4.745518009112873870e+02 3.610221075149290186e+02 -3.545114986134689730e+02 -1.150472455512985590e+02
2.243998081695749818e+02 2.918708911420099525e+02 -4.744392493468956786e+02 -3.511434688871347021e+02 3.231529207672846837e+02 9.109860868287832147e+01
1.582238093700687216e+02 2.027857371433894116e+02 -3.271632038467296866e+02 -2.401943608040118932e+02 2.166281162500273751e+02 5.806420027689022589e+01
-9.101701922114029841e+00 -1.795377437053758740e+01 3.418838264531665772e+01 2.926036550039971473e+01 -3.591530369709847292e+01 -1.623011633182420255e+01
2.621138686633742765e+01 3.094689139145011936e+01 -4.772795762553433008e+01 -3.329122855156467153e+01 2.602088988559890481e+01 4.197301295091907747e+00
3.478272148076200665e+00 2.655803693851399583e+00 -2.786863529207099788e+00 -8.548171056647226873e-01 -1.955710941731683361e+00 -2.415342140086460532e+00
9.647540984820698995e+00 1.283806353390127342e+01 -2.110531118826536812e+01 -1.580817020420309760e+01 1.497443153473538935e+01 4.510857383082580441e+00
