0.000000000000000000e+00
1.916135405172545922e-02
3.832270810345091844e-02
5.748406215517637419e-02
7.664541620690183688e-02
9.580677025862729956e-02
1.149681243103527484e-01
1.341294783620782249e-01
1.532908324138036738e-01
1.724521864655291226e-01
1.916135405172545991e-01
2.107748945689800479e-01
2.299362486207054967e-01
2.490976026724309733e-01
2.682589567241564499e-01
2.874203107758818709e-01
3.065816648276073475e-01
3.257430188793328241e-01
3.449043729310582451e-01
3.640657269827837217e-01
3.832270810345091983e-01
4.023884350862346193e-01
4.215497891379600959e-01
4.407111431896855724e-01
4.598724972414109935e-01
4.790338512931364701e-01
4.981952053448619466e-01
5.173565593965874232e-01
5.365179134483128998e-01
5.556792675000382653e-01
5.748406215517637419e-01
5.940019756034892184e-01
6.131633296552146950e-01
6.323246837069401716e-01
6.514860377586656481e-01
6.706473918103911247e-01
6.898087458621164902e-01
7.089700999138419668e-01
7.281314539655674434e-01
7.472928080172929199e-01
7.664541620690183965e-01
7.856155161207438731e-01
8.047768701724692386e-01
8.239382242241947152e-01
8.430995782759201918e-01
8.622609323276456683e-01
8.814222863793711449e-01
9.005836404310966214e-01
9.197449944828219870e-01
9.389063485345474636e-01
9.580677025862729401e-01
9.772290566379984167e-01
9.963904106897238933e-01
1.015551764741449370e+00
1.034713118793174846e+00
1.053874472844900323e+00
1.073035826896625800e+00
1.092197180948351276e+00
1.111358535000076531e+00
1.130519889051802007e+00
1.149681243103527484e+00
1.168842597155252960e+00
1.188003951206978437e+00
1.207165305258703913e+00
1.226326659310429390e+00
1.245488013362154867e+00
1.264649367413880343e+00
1.283810721465605820e+00
1.302972075517331296e+00
1.322133429569056773e+00
1.341294783620782249e+00
1.360456137672507504e+00
1.379617491724232980e+00
1.398778845775958457e+00
1.417940199827683934e+00
1.437101553879409410e+00
1.456262907931134887e+00
1.475424261982860363e+00
1.494585616034585840e+00
1.513746970086311316e+00
1.532908324138036793e+00
1.552069678189762270e+00
1.571231032241487746e+00
1.590392386293213223e+00
1.609553740344938477e+00
1.628715094396663954e+00
1.647876448448389430e+00
1.667037802500114907e+00
1.686199156551840384e+00
1.705360510603565860e+00
1.724521864655291337e+00
1.743683218707016813e+00
1.762844572758742290e+00
1.782005926810467766e+00
1.801167280862193243e+00
1.820328634913918719e+00
1.839489988965643974e+00
1.858651343017369451e+00
1.877812697069094927e+00
1.896974051120820626e+00
