0.000000000000000000e+00
9.000000400000000844e-02
1.800000070000000174e-01
2.700000110000000397e-01
3.600000140000000348e-01
4.500000180000000016e-01
5.400000209999999967e-01
6.300000250000000745e-01
7.200000290000000414e-01
8.100000320000000364e-01
9.000000360000000033e-01
9.900000390000001094e-01
1.080000043000000076e+00
1.170000045999999960e+00
1.260000049999999927e+00
1.350000054000000116e+00
1.440000057000000000e+00
1.530000060999999967e+00
1.620000064000000073e+00
1.710000068000000040e+00
1.800000072000000007e+00
1.890000075000000113e+00
1.980000079000000079e+00
2.070000081999999964e+00
2.160000086000000152e+00
2.250000089000000258e+00
2.340000093000000003e+00
2.430000097000000192e+00
2.520000099999999854e+00
2.610000104000000043e+00
2.700000107000000149e+00
2.790000110999999894e+00
2.880000114000000000e+00
2.970000118000000189e+00
3.060000121999999934e+00
3.150000125000000040e+00
3.240000129000000229e+00
3.330000131999999891e+00
3.420000136000000079e+00
3.510000139000000186e+00
3.600000142999999930e+00
3.690000147000000119e+00
3.780000150000000225e+00
3.870000153999999970e+00
3.960000157000000076e+00
4.050000160999999821e+00
4.140000165000000010e+00
4.230000168000000116e+00
4.320000172000000305e+00
4.410000175000000411e+00
4.500000178999999711e+00
4.590000181999999818e+00
4.680000186000000006e+00
4.770000190000000195e+00
4.860000193000000301e+00
4.950000196999999602e+00
5.040000199999999708e+00
5.130000203999999897e+00
5.220000207000000003e+00
5.310000211000000192e+00
5.400000215000000381e+00
5.490000218000000487e+00
5.580000221999999788e+00
5.670000224999999894e+00
5.760000229000000083e+00
5.850000232000000189e+00
5.940000236000000378e+00
6.030000239999999678e+00
6.120000242999999784e+00
6.210000246999999973e+00
6.300000250000000079e+00
6.369223089000000115e+00
