4.028854156645778062e-04 -7.865954271967758871e-01 8.091280511424159272e-04 -2.356792090838622400e+00 6.555840920574595998e-04 1.571619597523465472e+00 7.852890659476710056e-01
2.323671913099196811e-04 -7.881362030509069250e-01 5.871628453473770083e-03 -2.357944026220751166e+00 -9.014457248896629027e-06 1.574868789350324594e+00 7.881499831651714860e-01
-2.791874817540553988e-04 -7.927585306133000387e-01 2.105912966046784990e-02 -2.361399832367137908e+00 -2.002810105167967050e-03 1.584616364830902180e+00 7.967327348176727053e-01
-1.131778603527344154e-03 -8.004624098839552282e-01 4.637163167212456777e-02 -2.367159509277781737e+00 -5.325802851699740388e-03 1.600862323965198231e+00 8.110373209051748855e-01
-2.325406174009948725e-03 -8.112478408628724935e-01 8.180913448844397140e-02 -2.375223056952683987e+00 -9.977992696844222714e-03 1.623606666753212968e+00 8.310637414276781376e-01
-3.860070193201875673e-03 -8.251148235500517236e-01 1.273716381094262828e-01 -2.385590475391842880e+00 -1.595937964060144265e-02 1.652849393194946170e+00 8.568119963851821286e-01
-5.735770661103127381e-03 -8.420633579454933626e-01 1.830591425350715507e-01 -2.398261764595260193e+00 -2.326996368297140974e-02 1.688590503290397615e+00 8.882820857776871915e-01
-7.952507577713702550e-03 -8.620934440491969664e-01 2.488716477653796777e-01 -2.413236924562935037e+00 -3.190974482395411010e-02 1.730829997039567747e+00 9.254740096051933262e-01
-1.051028094303359944e-02 -8.852050818611627570e-01 3.248091538003508028e-01 -2.430515955294867414e+00 -4.187872306354956109e-02 1.779567874442456565e+00 9.683877678677001999e-01
-1.340909075706281893e-02 -9.113982713813906233e-01 4.108716606399847038e-01 -2.450098856791057322e+00 -5.317689840175772453e-02 1.834804135499063849e+00 1.017023360565208367e+00
-1.662999050676243137e-02 -9.405018148981941772e-01 5.064966669431764101e-01 -2.471857635936282271e+00 -6.573042638513243441e-02 1.896177758063243513e+00 1.071062907274262344e+00
-1.992667604662068728e-02 -9.702901468943793128e-01 6.043716708323808584e-01 -2.494128385772479639e+00 -7.857933116115257965e-02 1.958995464219704719e+00 1.126373971281407371e+00
-2.322336158647861706e-02 -1.000078478890561673e+00 7.022466747215754257e-01 -2.516399135608674786e+00 -9.142823593717143427e-02 2.021813170376159707e+00 1.181685035288547070e+00
-2.652004712633652256e-02 -1.029866810886743478e+00 8.001216786107692158e-01 -2.538669885444869934e+00 -1.042771407131901779e-01 2.084630876532613808e+00 1.236996099295686102e+00
-2.981673266619441418e-02 -1.059655142882925283e+00 8.979966824999627839e-01 -2.560940635281064637e+00 -1.171260454892088798e-01 2.147448582689067909e+00 1.292307163302825135e+00
-3.311341820605229885e-02 -1.089443474879107310e+00 9.958716863891562410e-01 -2.583211385117259784e+00 -1.299749502652275679e-01 2.210266288845522009e+00 1.347618227309964389e+00
-3.641010374591020088e-02 -1.119231806875289115e+00 1.093746690278349698e+00 -2.605482134953454487e+00 -1.428238550412463115e-01 2.273083995001976110e+00 1.402929291317103200e+00
-3.970678928576808903e-02 -1.149020138871470920e+00 1.191621694167543266e+00 -2.627752884789649634e+00 -1.556727598172649996e-01 2.335901701158430654e+00 1.458240355324242232e+00
-4.300347482562598411e-02 -1.178808470867652725e+00 1.289496698056736834e+00 -2.650023634625844782e+00 -1.685216645932837154e-01 2.398719407314884755e+00 1.513551419331381265e+00
-4.630016036548387920e-02 -1.208596802863834752e+00 1.387371701945930402e+00 -2.672294384462039485e+00 -1.813705693693024312e-01 2.461537113471338856e+00 1.568862483338520519e+00
-4.959684590534176735e-02 -1.238385134860016557e+00 1.485246705835123970e+00 -2.694565134298234632e+00 -1.942194741453211471e-01 2.524354819627792956e+00 1.624173547345659330e+00
-5.289353144519966243e-02 -1.268173466856198583e+00 1.583121709724317538e+00 -2.716835884134429779e+00 -2.070683789213398629e-01 2.587172525784247501e+00 1.679484611352798362e+00
-5.619021698505755752e-02 -1.297961798852380388e+00 1.680996713613510884e+00 -2.739106633970624483e+00 -2.199172836973585510e-01 2.649990231940701157e+00 1.734795675359937395e+00
-5.946691706154002416e-02 -1.327569545345053559e+00 1.778278370857430790e+00 -2.761242372065537687e+00 -2.326882946880250713e-01 2.712427118953036675e+00 1.789771427663668479e+00
-6.247633018330806670e-02 -1.354762128957003764e+00 1.867624569466939111e+00 -2.781572453894194386e+00 -2.444175488634068028e-01 2.769770904673876544e+00 1.840262698301877720e+00
-6.514470685636669645e-02 -1.378873160860690783e+00 1.946845767271781824e+00 -2.799598664958591776e+00 -2.548176059401754401e-01 2.820616306740995949e+00 1.885032134505084667e+00
-6.747204708071594115e-02 -1.399902641056115282e+00 2.015941964271959819e+00 -2.815321005258731635e+00 -2.638884659183310943e-01 2.864963325154395779e+00 1.924079736273289321e+00
-6.945835085635583550e-02 -1.417850569543277262e+00 2.074913160467473983e+00 -2.828739474794613962e+00 -2.716301287978739598e-01 2.902811959914076478e+00 1.957405503606492791e+00
-7.110361818328636563e-02 -1.432716946322176943e+00 2.123759355858324316e+00 -2.839854073566237869e+00 -2.780425945788038700e-01 2.934162211020038047e+00 1.985009436504694635e+00
-7.240784906150762867e-02 -1.444501771392814771e+00 2.162480550444512595e+00 -2.848664801573604688e+00 -2.831258632611212689e-01 2.959014078472281817e+00 2.006891534967896185e+00
-7.337104349101961076e-02 -1.453205044755190967e+00 2.191076744226040152e+00 -2.855171658816713975e+00 -2.868799348448261011e-01 2.977367562270808232e+00 2.023051798996097439e+00
-7.419958727830573697e-02 -1.458135339454490254e+00 2.210409834742535384e+00 -2.859722850592388177e+00 -2.895929416557326275e-01 2.991529581719695408e+00 2.034272373642733722e+00
-7.577960746573310369e-02 -1.455921571679167803e+00 2.223351532848519163e+00 -2.863648746800812273e+00 -2.924207238504428208e-01 3.011149082102257513e+00 2.043489464981742554e+00
-7.798566447022030335e-02 -1.446295802494763194e+00 2.227960462664450692e+00 -2.866456107713314161e+00 -2.950491740053511891e-01 3.034386275058624793e+00 2.049506058732545988e+00
-8.032077717696142760e-02 -1.431115840673495843e+00 2.222558368442265841e+00 -2.867385357532099999e+00 -2.968234088608662224e-01 3.055808692523196868e+00 2.050640946373034623e+00
-8.232407498122930323e-02 -1.412807062349445086e+00 2.207036062735113990e+00 -2.866019595761744920e+00 -2.972780144430997584e-01 3.070825390566154223e+00 2.046071779863300133e+00
-8.376867858878528361e-02 -1.392612787077914804e+00 2.181441436035150616e+00 -2.862173780942097068e+00 -2.961938404420814130e-01 3.077207702292200864e+00 2.035445474150260559e+00
-8.561839061758375058e-02 -1.365417849208485856e+00 2.145914130669985376e+00 -2.856702141965221209e+00 -2.945354943824102234e-01 3.084529123077991208e+00 2.020436622776465185e+00
-8.798460508894791199e-02 -1.330629160735560701e+00 2.100466394603612841e+00 -2.849702635486596414e+00 -2.924140817604289899e-01 3.093894933293074523e+00 2.001236790172091329e+00
-9.086732200287779559e-02 -1.288246721659139116e+00 2.045098227836031679e+00 -2.841175261506224015e+00 -2.898296025761376016e-01 3.105305132937451251e+00 1.977845976337137879e+00
-9.426654074479574874e-02 -1.238270541014898418e+00 1.979809642171397988e+00 -2.831120021842086221e+00 -2.867820573805312523e-01 3.118759719578535705e+00 1.950264186258384047e+00
-9.818226149472743247e-02 -1.180700616156055149e+00 1.904600634151969452e+00 -2.819536915961650791e+00 -2.832714460122093270e-01 3.134258693928895667e+00 1.918491418475073207e+00
-1.026144846872249911e-01 -1.115536940693713674e+00 1.819471195431330290e+00 -2.806425942579465538e+00 -2.792977680815771357e-01 3.151802057708549487e+00 1.882527669461182551e+00
-1.075512431039553352e-01 -1.042955459723093892e+00 1.724651179637218812e+00 -2.791822501961766179e+00 -2.748717527124436288e-01 3.171342442981467613e+00 1.842470043089379894e+00
-1.126470580032775254e-01 -9.680354897906950917e-01 1.626776175748003261e+00 -2.776748555862064816e+00 -2.703031363940462950e-01 3.191512396219362557e+00 1.801121807655143847e+00
-1.177428729026004928e-01 -8.931155198582845234e-01 1.528901171858772390e+00 -2.761674609762361232e+00 -2.657345200756482950e-01 3.211682349457260166e+00 1.759773572220901361e+00
-1.228386878019242234e-01 -8.181955499258631859e-01 1.431026167969527529e+00 -2.746600663662654984e+00 -2.611659037572495734e-01 3.231852302695161328e+00 1.718425336786652879e+00
-1.279345027012479263e-01 -7.432755799934422924e-01 1.333151164080283113e+00 -2.731526717562948736e+00 -2.565972874388509073e-01 3.252022255933061601e+00 1.677077101352404620e+00
-1.330303176005716570e-01 -6.683556100610208439e-01 1.235276160191038031e+00 -2.716452771463242932e+00 -2.520286711204522412e-01 3.272192209170961874e+00 1.635728865918156139e+00
-1.381261324998953599e-01 -5.934356401285995064e-01 1.137401156301792948e+00 -2.701378825363537128e+00 -2.474600548020535196e-01 3.292362162408863036e+00 1.594380630483907435e+00
-1.432219473992190906e-01 -5.185156701961781689e-01 1.039526152412547866e+00 -2.686304879263831324e+00 -2.428914384836548535e-01 3.312532115646764197e+00 1.553032395049659176e+00
-1.483177622985427935e-01 -4.435957002637571089e-01 9.416511485233035605e-01 -2.671230933164125076e+00 -2.383228221652561873e-01 3.332702068884664470e+00 1.511684159615410694e+00
-1.534135771978665241e-01 -3.686757303313357159e-01 8.437761446340583671e-01 -2.656156987064419273e+00 -2.337542058468575212e-01 3.352872022122565632e+00 1.470335924181162213e+00
-1.585093920971902270e-01 -2.937557603989143229e-01 7.459011407448135067e-01 -2.641083040964713469e+00 -2.291855895284587996e-01 3.373041975360465905e+00 1.428987688746913731e+00
-1.636052069965139855e-01 -2.188357904664929299e-01 6.480261368555684243e-01 -2.626009094865007221e+00 -2.246169732100601335e-01 3.393211928598366622e+00 1.387639453312665250e+00
-1.687010218958376884e-01 -1.439158205340715369e-01 5.501511329663233418e-01 -2.610935148765301417e+00 -2.200483568916614119e-01 3.413381881836267340e+00 1.346291217878416768e+00
-1.737968367951614190e-01 -6.899585060165019934e-02 4.522761290770783704e-01 -2.595861202665595169e+00 -2.154797405732627180e-01 3.433551835074168501e+00 1.304942982444168287e+00
-1.788926516944851219e-01 5.924119330770749592e-03 3.544011251878338986e-01 -2.580787256565889365e+00 -2.109111242548640797e-01 3.453721788312068774e+00 1.263594747009920027e+00
-1.839884665938088248e-01 8.084408926319169852e-02 2.565261212985894823e-01 -2.565713310466183561e+00 -2.063425079364653858e-01 3.473891741549969492e+00 1.222246511575671546e+00
-1.890842814931325555e-01 1.557640591956130915e-01 1.586511174093444554e-01 -2.550639364366477757e+00 -2.017738916180666919e-01 3.494061694787870209e+00 1.180898276141423064e+00
-1.941800963924562584e-01 2.306840291280344846e-01 6.077611352009937296e-02 -2.535565418266771509e+00 -1.972052752996679981e-01 3.514231648025771371e+00 1.139550040707174583e+00
-1.992734883705979954e-01 3.055683766554648795e-01 -3.705235347077018293e-02 -2.520498639417843467e+00 -1.926388312338861986e-01 3.534392011000307754e+00 1.098221465232608773e+00
-2.040610231725914214e-01 3.759559339945999223e-01 -1.290062404589311651e-01 -2.506336617644782105e+00 -1.883466012268285583e-01 3.553341748184412285e+00 1.059374662502636566e+00
-2.083320555320191947e-01 4.387497407302398678e-01 -2.110396967458860462e-01 -2.493702463373467904e+00 -1.845174377820809342e-01 3.570247095939224291e+00 1.024718841003242842e+00
-2.120865854488812874e-01 4.939497968623830504e-01 -2.831527223316325781e-01 -2.482596176603902638e+00 -1.811513408996434649e-01 3.585108054264742883e+00 9.942540007344284891e-01
-2.153246129231776440e-01 5.415561023910305805e-01 -3.453453172161721207e-01 -2.473017757336085864e+00 -1.782483105795160672e-01 3.597924623160968505e+00 9.679801416961929528e-01
-2.180461379549083201e-01 5.815686573161819028e-01 -3.976174813995038138e-01 -2.464967205570017583e+00 -1.758083468216987411e-01 3.608696802627901157e+00 9.458972638885365658e-01
-2.202511605440732323e-01 6.139874616378356853e-01 -4.399692148816262693e-01 -2.458444521305697794e+00 -1.738314496261916253e-01 3.617424592665539951e+00 9.280053673114598833e-01
-2.219396806906722697e-01 6.388125153559910396e-01 -4.724005176625381552e-01 -2.453449704543126497e+00 -1.723176189929947477e-01 3.624107993273885331e+00 9.143044519649635715e-01
-2.231116983947055987e-01 6.560438184706500753e-01 -4.949113897422421915e-01 -2.449982755282303692e+00 -1.712668549221079695e-01 3.628747004452937741e+00 9.047945178490465201e-01
-2.237672136561731639e-01 6.656813709818117930e-01 -5.075018311207371013e-01 -2.448043673523229824e+00 -1.706791574135313738e-01 3.631341626202696737e+00 8.994755649637090622e-01
-2.239199900078586991e-01 6.679275278577581076e-01 -5.104361971271224041e-01 -2.447591745316237244e+00 -1.705421868706122057e-01 3.631946336524840557e+00 8.982359138611704097e-01
