-7.093374053637934828e+00 -5.506595611572741689e+00 5.035701910654362123e+00 1.920809520615845090e+00 1.583970043393962968e+00 3.490149339041448417e+00
-5.750841501703105152e+00 -4.431256503216379095e+00 3.960812615385531199e+00 1.473426842512613577e+00 1.311217196453577927e+00 2.837598266333354768e+00
-4.503873689372299260e+00 -3.432486237492717862e+00 2.962274052823192338e+00 1.058100847191323579e+00 1.056983277874005811e+00 2.230685466047640730e+00
-3.352470616645515378e+00 -2.510284814401757547e+00 2.040086222967344654e+00 6.748315346519750957e-01 8.212682876552472866e-01 1.669410938184308302e+00
-2.296632283522753504e+00 -1.664652233943497928e+00 1.194249125817988588e+00 3.236189048945680158e-01 6.040722257973016873e-01 1.153774682743355928e+00
-1.336358690004014749e+00 -8.955884961179388926e-01 4.247627613751236986e-01 4.462957919102394921e-03 4.053950923001692352e-01 6.837766997247839429e-01
-4.716498360892991126e-01 -2.030936009250816632e-01 -2.683728703612486832e-01 -2.826363062744216004e-01 2.252368871638502079e-01 2.594169891285935670e-01
2.974942782213956249e-01 4.128324516350745377e-01 -8.851577693911303335e-01 -5.376788876860044697e-01 6.359761038834410574e-02 -1.193044490452170869e-01
9.710736529280659113e-01 9.521896615625307092e-01 -1.425591935714520364e+00 -7.606647863156454914e-01 -7.952273802634879374e-02 -4.523876147966472416e-01
2.031538183529340458e+00 1.801197553519340300e+00 -2.277408070241826010e+00 -1.110466535229103657e+00 -3.102066497732951511e-01 -9.816391290323656094e-01
2.709743755714524305e+00 2.343930074945344444e+00 -2.823821273943163845e+00 -1.332041553014795543e+00 -4.668148480769882536e-01 -1.328337553578560204e+00
2.919378024836622565e+00 2.510569006204941722e+00 -3.000438888867943632e+00 -1.390511395202882250e+00 -5.578041043546172473e-01 -1.474075133602384957e+00
2.450806721773536090e+00 2.134475416038534412e+00 -2.630643300091384695e+00 -1.227406219605276405e+00 -4.921851623285525279e-01 -1.273114289080013339e+00
1.599976460294359359e+00 1.452106455341323654e+00 -1.955444780488858836e+00 -9.360743128799050572e-01 -3.524905068592351087e-01 -8.896003548681192807e-01
3.668872403990919295e-01 4.634621241133087821e-01 -9.748433300603669416e-01 -5.165156750267674290e-01 -1.387201379466650453e-01 -3.235333309667027812e-01
-3.930044789545759087e-01 -1.457133054497505853e-01 -3.700165057863835649e-01 -2.586513319272862876e-01 -4.056560949160292751e-03 2.795758961757632832e-02
-1.248460937912265756e+00 -8.314575776455095379e-01 3.111610511940909873e-01 3.126969395413570219e-02 1.491259444091579400e-01 4.250867826242359371e-01
-2.199482136473978500e+00 -1.593770692473970740e+00 1.068689340881057603e+00 3.532474026174994286e-01 3.208273781282886539e-01 8.678542480532760450e-01
-3.222138398365874679e+00 -2.412759793223610227e+00 1.881187134810790473e+00 6.974404550986251783e-01 5.079328987954805363e-01 1.345653300717026379e+00
-4.095080218054943266e+00 -3.104415955312848752e+00 2.550878069693825356e+00 9.728164659788465229e-01 6.816302233427691259e-01 1.760372102629536029e+00
-4.764465823925046806e+00 -3.623980251140761943e+00 3.029654381486779791e+00 1.157232422588758469e+00 8.349109585914604725e-01 2.088145612118545991e+00
-5.492568394208356963e+00 -4.146833244012609221e+00 3.414463135802444427e+00 1.253184172997654056e+00 1.080222661193052325e+00 2.482856753826067742e+00
-5.406446109215805151e+00 -3.981318771839152504e+00 3.035613397757787713e+00 9.852957063253124925e-01 1.243868006600255871e+00 2.529786725839590744e+00
-4.506098968947393146e+00 -3.127436834620392681e+00 1.893105167352807428e+00 3.535670225717328918e-01 1.325846994813071777e+00 2.228935528159115886e+00
-3.750591078084735130e+00 -2.442358066619023660e+00 1.035479117515194503e+00 -9.873740071052061751e-02 1.336211604971583755e+00 1.948091990683628261e+00
-2.791526973403115619e+00 -1.585187432356327975e+00 -1.306155541249509611e-02 -6.420018782630831922e-01 1.326159625831499378e+00 1.580303160784642280e+00
-1.628906654902529283e+00 -5.559249318323047362e-01 -1.252516851430270250e+00 -1.276226410085956608e+00 1.295691057392817314e+00 1.125569038462155724e+00
-2.627301225829761222e-01 6.454294349530407260e-01 -2.682886770538123855e+00 -2.001410996179138202e+00 1.244805899655538450e+00 5.838896237161712577e-01
1.239957174625538672e+00 1.957037666055591263e+00 -4.227196412471296405e+00 -2.774928317547554535e+00 1.164672795036260311e+00 -2.434663885873608255e-02
2.603523946677438250e+00 3.124676864593946224e+00 -5.568993409474650491e+00 -3.421532729433672593e+00 1.018985051247659257e+00 -6.153205881515184661e-01
3.798172216270498058e+00 4.120863474148493744e+00 -6.674066694763845398e+00 -3.922278756728569959e+00 8.038176204748904707e-01 -1.179970693231252588e+00
4.823901983404718763e+00 4.945597494719235598e+00 -7.542416268338881125e+00 -4.277166399432244859e+00 5.191705027179532861e-01 -1.718296954097938922e+00
5.680713248080099476e+00 5.598878926306167791e+00 -8.174042130199758560e+00 -4.486195657544698179e+00 1.650436979768479251e-01 -2.230299370751576582e+00
6.368606010296641529e+00 6.080707768909294764e+00 -8.568944280346476816e+00 -4.549366531065931696e+00 -2.585627937484256123e-01 -2.715977943192165345e+00
7.237636027353205215e+00 6.530007687164127717e+00 -8.648577445497437566e+00 -4.238133124334733992e+00 -1.314214838151477105e+00 -3.608363555434199288e+00
7.418773282193227736e+00 6.497478762815832809e+00 -8.333308460501678283e+00 -3.863728844082301883e+00 -1.946260390829255282e+00 -4.015070595235643580e+00
7.430992034574410710e+00 6.293497249483730016e+00 -7.781315763791761597e+00 -3.343466179238648195e+00 -2.647785630491200859e+00 -4.395453790824038975e+00
7.274292284496752359e+00 5.918063147167821114e+00 -6.992599355367685732e+00 -2.677345129803773816e+00 -3.418790557137315389e+00 -4.749513142199386806e+00
6.948674031960260677e+00 5.371176455868106103e+00 -5.967159235229452463e+00 -1.865365695777679633e+00 -4.259275170767597984e+00 -5.077248649361687072e+00
6.454137276964923231e+00 4.652837175584583207e+00 -4.704995403377058238e+00 -9.075278771603638717e-01 -5.169239471382047313e+00 -5.378660312310937996e+00
5.790682019510748013e+00 3.763045306317255534e+00 -3.206107859810507499e+00 1.961683260481763003e-01 -6.148683458980665151e+00 -5.653748131047140468e+00
4.958308259597732359e+00 2.701800848066119087e+00 -1.470496604529796025e+00 1.445722913847936164e+00 -7.197607133563450610e+00 -5.902512105570294487e+00
3.957015997225878046e+00 1.469103800831175644e+00 5.018383624650738506e-01 2.841135886238917330e+00 -8.316010495130404578e+00 -6.124952235880400941e+00
2.786805232395184184e+00 6.495416461242498052e-02 2.710897041174102906e+00 4.382407243221120297e+00 -9.503893543681524392e+00 -6.321068521977458943e+00
1.447675965105651441e+00 -1.510648060590132902e+00 5.156679431597290808e+00 6.069536984794543955e+00 -1.076125627921681627e+01 -6.490860963861468491e+00
7.147668930388202391e-01 -2.362743894060338690e+00 6.468342018701694229e+00 6.967798749802962988e+00 -1.141599252960352118e+01 -6.565885743223579318e+00
-6.037180464272084990e-02 -3.257702874776496227e+00 7.839185533734637445e+00 7.902525110959188304e+00 -1.208809870173627132e+01 -6.634329561532429587e+00
-8.777401279389720479e-01 -4.195525002738606624e+00 9.269209976696119568e+00 8.873716068263219015e+00 -1.277757479561506493e+01 -6.696192418788016631e+00
-1.737338076849932467e+00 -5.176210277946667659e+00 1.075841534758614237e+01 9.881371621715054232e+00 -1.348442081123989666e+01 -6.751474314990342229e+00
-2.639165651375603439e+00 -6.199758700400680667e+00 1.230680164640470409e+01 1.092549177131469484e+01 -1.420863674861077186e+01 -6.800175250139405492e+00
-3.583222851515984075e+00 -7.266170270100646533e+00 1.391436887315180648e+01 1.200607651706214085e+01 -1.495022260772769052e+01 -6.842295224235208195e+00
-4.569509677271075709e+00 -8.375444987046563483e+00 1.558111702782744779e+01 1.312312585895739403e+01 -1.570917838859064908e+01 -6.877834237277745899e+00
-5.598026128640875676e+00 -9.527582851238431516e+00 1.730704611043162799e+01 1.427663979700045083e+01 -1.648550409119965110e+01 -6.906792289267023932e+00
-6.668772205625385752e+00 -1.072258386267625241e+01 1.909215612096435066e+01 1.546661833119131302e+01 -1.727919971555469303e+01 -6.929169380203038742e+00
-7.781747908224606824e+00 -1.196044802136002261e+01 2.093644705942561046e+01 1.669306146152998238e+01 -1.809026526165578019e+01 -6.944965510085792104e+00
-8.936953236438537118e+00 -1.324117532728974567e+01 2.283991892581541094e+01 1.795596918801645359e+01 -1.891870072950290549e+01 -6.954180678915282243e+00
-1.013438819026717574e+01 -1.456476578046542514e+01 2.480257172013374856e+01 1.925534151065073374e+01 -1.976450611909607602e+01 -6.956814886691512712e+00
-1.137405276971052537e+01 -1.593121938088705036e+01 2.682440544238063040e+01 2.059117842943281573e+01 -2.062768143043528823e+01 -6.952868133414478180e+00
-1.265594697476858244e+01 -1.734053612855462845e+01 2.890542009255604938e+01 2.196347994436270312e+01 -2.150822666352053858e+01 -6.942340419084183978e+00
-1.398007080544135405e+01 -1.879271602346815939e+01 3.104561567066001260e+01 2.337224605544039946e+01 -2.240614181835183416e+01 -6.925231743700628328e+00
-1.534642426172883134e+01 -2.028775906562763964e+01 3.324499217669250584e+01 2.481747676266589764e+01 -2.332142689492917143e+01 -6.901542107263807679e+00
