8.898015499115778937e+01 7.127190589905362117e+01 -7.123613834381289678e+01 -2.965830524762894171e+01 -1.804878791173066688e+01 -4.322369337083419794e+01
8.286401165650033818e+01 6.637149997056076245e+01 -6.634969145059743312e+01 -2.760667754958468834e+01 -1.686357649663862190e+01 -4.030284393580183888e+01
7.674786832184290120e+01 6.147109404206790373e+01 -6.146324455738197656e+01 -2.555504985154043140e+01 -1.567836508154658048e+01 -3.738199450076947983e+01
7.063172498718545000e+01 5.657068811357503790e+01 -5.657679766416652001e+01 -2.350342215349617803e+01 -1.449315366645453729e+01 -3.446114506573712788e+01
6.451558165252799881e+01 5.167028218508217918e+01 -5.169035077095105635e+01 -2.145179445545192465e+01 -1.330794225136249409e+01 -3.154029563070476527e+01
5.839943831787056183e+01 4.676987625658932046e+01 -4.680390387773559979e+01 -1.940016675740767127e+01 -1.212273083627045089e+01 -2.861944619567240622e+01
5.228329498321311064e+01 4.186947032809645464e+01 -4.191745698452014324e+01 -1.734853905936341789e+01 -1.093751942117840770e+01 -2.569859676064005072e+01
4.616715164855566655e+01 3.696906439960359592e+01 -3.703101009130467958e+01 -1.529691136131916096e+01 -9.752308006086364500e+00 -2.277774732560769166e+01
4.005100831389822247e+01 3.206865847111073720e+01 -3.214456319808922302e+01 -1.324528366327490758e+01 -8.567096590994321303e+00 -1.985689789057533261e+01
2.781872164458333430e+01 2.226784661412501976e+01 -2.237166941165830281e+01 -9.142028267186400825e+00 -6.196673760810234910e+00 -1.401519902051061450e+01
1.558643497526843191e+01 1.246703475713929521e+01 -1.259877562522738970e+01 -5.038772871097890516e+00 -3.826250930626148516e+00 -8.173500150445903500e+00
-8.878138363361328445e+00 -7.134588956832162765e+00 6.947011947634445406e+00 3.167737921079125663e+00 9.145947297420256028e-01 3.509897589683535379e+00
-2.111042503267621839e+01 -1.693540081381788553e+01 1.671990573406536384e+01 7.270993317167634196e+00 3.285017559926112884e+00 9.351596459748250822e+00
-3.334271170199110657e+01 -2.673621267080361008e+01 2.649279952049628406e+01 1.137424871325614362e+01 5.655440390110198834e+00 1.519329532981296893e+01
-4.557499837130599474e+01 -3.653702452778933463e+01 3.626569330692720428e+01 1.547750410934465393e+01 8.025863220294285227e+00 2.103499419987768349e+01
-5.169114170596343882e+01 -4.143743045628219335e+01 4.115214020014266083e+01 1.752913180738890730e+01 9.211074635386328424e+00 2.395584363491004254e+01
-5.780728504062089002e+01 -4.633783638477505917e+01 4.603858709335812449e+01 1.958075950543316068e+01 1.039628605047837340e+01 2.687669306994240159e+01
-6.392342837527832700e+01 -5.123824231326791789e+01 5.092503398657358105e+01 2.163238720347741761e+01 1.158149746557041659e+01 2.979754250497476065e+01
-6.238207530230732090e+01 -4.977293409407371882e+01 4.896948777139681397e+01 2.053478643298406325e+01 1.176995962858156730e+01 2.932425267995259688e+01
-4.935447761789352228e+01 -3.875905465334885491e+01 3.675095189363164394e+01 1.471334295968426176e+01 1.046329791347135796e+01 2.375975396484862756e+01
-3.632687993347973077e+01 -2.774517521262399100e+01 2.453241601586647391e+01 8.891899486384462037e+00 9.156636198361148615e+00 1.819525524974465469e+01
-1.027168456465214064e+01 -5.717416331174256072e+00 9.534426033613385698e-02 -2.750987460215135627e+00 6.543312768140729041e+00 7.066257819536712503e+00
1.578351080417544949e+01 1.631034255027547175e+01 -2.434172749519419909e+01 -1.439387440681473862e+01 3.929989337920309467e+00 -4.062739610671226131e+00
4.183870617300304673e+01 3.833810143172519957e+01 -4.877879925072453915e+01 -2.603676135341433451e+01 1.316665907699889004e+00 -1.519173704087917187e+01
5.486630385741683824e+01 4.935198087245006349e+01 -6.099733512848971628e+01 -3.185820482671413600e+01 1.000419258967966130e-02 -2.075623575598314474e+01
6.789390154183062975e+01 6.036586031317494161e+01 -7.321587100625487210e+01 -3.767964830001393750e+01 -1.296657522520529682e+00 -2.632073447108711051e+01
8.092149922624442127e+01 7.137973975389979842e+01 -8.543440688402003502e+01 -4.350109177331373900e+01 -2.603319237630739025e+00 -3.188523318619108338e+01
9.394909691065821278e+01 8.239361919462464812e+01 -9.765294276178522637e+01 -4.932253524661353339e+01 -3.909980952740950144e+00 -3.744973190129505269e+01
9.267366549000443854e+01 8.021539155393654141e+01 -9.345016658306772683e+01 -4.605015066763063203e+01 -7.100665618977075155e+00 -3.866469576955562104e+01
8.186288133263870748e+01 6.924242585897289359e+01 -7.829984903336156776e+01 -3.671521405379246517e+01 -1.154736558596383666e+01 -3.697996973992053427e+01
7.105209717527297641e+01 5.826946016400923867e+01 -6.314953148365539448e+01 -2.738027743995430185e+01 -1.599406555295059817e+01 -3.529524371028544039e+01
6.024131301790723825e+01 4.729649446904558374e+01 -4.799921393394922831e+01 -1.804534082611613854e+01 -2.044076551993735791e+01 -3.361051768065034651e+01
4.943052886054150719e+01 3.632352877408192882e+01 -3.284889638424306213e+01 -8.710404212277971681e+00 -2.488746548692412119e+01 -3.192579165101525973e+01
3.861974470317577612e+01 2.535056307911828100e+01 -1.769857883453690306e+01 6.245324015601951828e-01 -2.933416545391088093e+01 -3.024106562138016585e+01
1.699817638844430689e+01 3.404631689190978250e+00 1.260205626487542929e+01 1.929440562923652891e+01 -3.822756538788441105e+01 -2.687161356210998520e+01
6.187392231078575833e+00 -7.568334005772683781e+00 2.775237381458160257e+01 2.862934224307468156e+01 -4.267426535487116723e+01 -2.518688753247489132e+01
-4.623391926287155229e+00 -1.854129970073633160e+01 4.290269136428776164e+01 3.796427885691284843e+01 -4.712096532185792341e+01 -2.350216150283980099e+01
-1.543417608365288629e+01 -2.951426539569999363e+01 5.805300891399392071e+01 4.729921547075101529e+01 -5.156766528884469381e+01 -2.181743547320471066e+01
-2.624496024101861735e+01 -4.048723109066364145e+01 7.320332646370010821e+01 5.663415208458918215e+01 -5.601436525583144999e+01 -2.013270944356962033e+01
-3.705574439838434841e+01 -5.146019678562728927e+01 8.835364401340626728e+01 6.596908869842735612e+01 -6.046106522281820617e+01 -1.844798341393453001e+01
-4.786652855575008658e+01 -6.243316248059091578e+01 1.035039615631124406e+02 7.530402531226555141e+01 -6.490776518980491971e+01 -1.676325738429941481e+01
-5.867731271311581054e+01 -7.340612817555455649e+01 1.186542791128185996e+02 8.463896192610370406e+01 -6.935446515679166168e+01 -1.507853135466432626e+01
-6.948809687048154160e+01 -8.437909387051820431e+01 1.338045966625247729e+02 9.397389853994187092e+01 -7.380116512377838944e+01 -1.339380532502923948e+01
-8.029888102784725845e+01 -9.535205956548185213e+01 1.489549142122309320e+02 1.033088351537800378e+02 -7.824786509076514562e+01 -1.170907929539415271e+01
-9.110966518521297530e+01 -1.063250252604455000e+02 1.641052317619370911e+02 1.126437717676182046e+02 -8.269456505775187338e+01 -1.002435326575906593e+01
-9.651505726389584083e+01 -1.118115081079273239e+02 1.716803905367901848e+02 1.173112400745372810e+02 -8.491791504124525147e+01 -9.181990250941522547e+00
-1.019204493425787064e+02 -1.172979909554091478e+02 1.792555493116432501e+02 1.219787083814563573e+02 -8.714126502473861535e+01 -8.339627236123979159e+00
-1.073258414212615719e+02 -1.227844738028909575e+02 1.868307080864963154e+02 1.266461766883754478e+02 -8.936461500823199344e+01 -7.497264221306435772e+00
-1.127312334999444374e+02 -1.282709566503727956e+02 1.944058668613494092e+02 1.313136449952945100e+02 -9.158796499172535732e+01 -6.654901206488892385e+00
-1.181366255786273030e+02 -1.337574394978545911e+02 2.019810256362025029e+02 1.359811133022136005e+02 -9.381131497521873541e+01 -5.812538191671348997e+00
-1.235420176573101685e+02 -1.392439223453364434e+02 2.095561844110555967e+02 1.406485816091326910e+02 -9.603466495871209929e+01 -4.970175176853805610e+00
-1.289474097359930056e+02 -1.447304051928182389e+02 2.171313431859086620e+02 1.453160499160517816e+02 -9.825801494220547738e+01 -4.127812162036260446e+00
-1.343528018146758711e+02 -1.502168880403000912e+02 2.247065019607617273e+02 1.499835182229708721e+02 -1.004813649256988413e+02 -3.285449147218717059e+00
-1.397581938933587367e+02 -1.557033708877818867e+02 2.322816607356148211e+02 1.546509865298899342e+02 -1.027047149091922051e+02 -2.443086132401173671e+00
-1.451635859720416022e+02 -1.611898537352637106e+02 2.398568195104679148e+02 1.593184548368089963e+02 -1.049280648926855832e+02 -1.600723117583630284e+00
-1.505689780507244677e+02 -1.666763365827455345e+02 2.474319782853210086e+02 1.639859231437280869e+02 -1.071514148761789613e+02 -7.583601027660868965e-01
-1.559743701294073333e+02 -1.721628194302273585e+02 2.550071370601740455e+02 1.686533914506471774e+02 -1.093747648596723252e+02 8.400291205145649087e-02
-1.613797622080901988e+02 -1.776493022777091824e+02 2.625822958350271392e+02 1.733208597575662679e+02 -1.115981148431656891e+02 9.263659268689998783e-01
-1.667851542867730643e+02 -1.831357851251909779e+02 2.701574546098802330e+02 1.779883280644853585e+02 -1.138214648266590672e+02 1.768728941686543266e+00
-1.721905463654559298e+02 -1.886222679726728302e+02 2.777326133847333267e+02 1.826557963714044206e+02 -1.160448148101524453e+02 2.611091956504086653e+00
-1.775959384441387954e+02 -1.941087508201546257e+02 2.853077721595863636e+02 1.873232646783235111e+02 -1.182681647936458091e+02 3.453454971321630040e+00
