-3.914331734180765352e+02 -3.136259794235430718e+02 3.127326011657893901e+02 1.313041726748322731e+02 7.585353056589076459e+01 1.869343638420709226e+02
-3.914331734180765352e+02 -3.136259794235430718e+02 3.127326011657893901e+02 1.313041726748322731e+02 7.585353056589076459e+01 1.869343638420709226e+02
-3.914331734180765352e+02 -3.136259794235430718e+02 3.127326011657893901e+02 1.313041726748322731e+02 7.585353056589076459e+01 1.869343638420709226e+02
-3.914331734180765352e+02 -3.136259794235430718e+02 3.127326011657893901e+02 1.313041726748322731e+02 7.585353056589076459e+01 1.869343638420709226e+02
-3.914331734180765352e+02 -3.136259794235430718e+02 3.127326011657893901e+02 1.313041726748322731e+02 7.585353056589076459e+01 1.869343638420709226e+02
-3.914331734180765352e+02 -3.136259794235430718e+02 3.127326011657893901e+02 1.313041726748322731e+02 7.585353056589076459e+01 1.869343638420709226e+02
-3.914331734180765352e+02 -3.136259794235430718e+02 3.127326011657893901e+02 1.313041726748322731e+02 7.585353056589076459e+01 1.869343638420709226e+02
-3.914331734180765352e+02 -3.136259794235430718e+02 3.127326011657893901e+02 1.313041726748322731e+02 7.585353056589076459e+01 1.869343638420709226e+02
-3.914331734180765352e+02 -3.136259794235430718e+02 3.127326011657893901e+02 1.313041726748322731e+02 7.585353056589076459e+01 1.869343638420709226e+02
-3.914331734180765352e+02 -3.136259794235430718e+02 3.127326011657893901e+02 1.313041726748322731e+02 7.585353056589076459e+01 1.869343638420709226e+02
-3.914331734180765352e+02 -3.136259794235430718e+02 3.127326011657893901e+02 1.313041726748322731e+02 7.585353056589076459e+01 1.869343638420709226e+02
-3.914331734180764784e+02 -3.136259794235431855e+02 3.127326011657893901e+02 1.313041726748323015e+02 7.585353056589077880e+01 1.869343638420709226e+02
-3.914331734180764784e+02 -3.136259794235431855e+02 3.127326011657893901e+02 1.313041726748323015e+02 7.585353056589077880e+01 1.869343638420709226e+02
-3.914331734180764784e+02 -3.136259794235431855e+02 3.127326011657893901e+02 1.313041726748323015e+02 7.585353056589077880e+01 1.869343638420709226e+02
-3.914331734180764784e+02 -3.136259794235431855e+02 3.127326011657893901e+02 1.313041726748323015e+02 7.585353056589077880e+01 1.869343638420709226e+02
-3.914331734180764784e+02 -3.136259794235431855e+02 3.127326011657893901e+02 1.313041726748323015e+02 7.585353056589077880e+01 1.869343638420709226e+02
-3.914331734180764784e+02 -3.136259794235431855e+02 3.127326011657893901e+02 1.313041726748323015e+02 7.585353056589077880e+01 1.869343638420709226e+02
-3.914331734180764784e+02 -3.136259794235431855e+02 3.127326011657893901e+02 1.313041726748323015e+02 7.585353056589077880e+01 1.869343638420709226e+02
8.337662518024828842e+02 7.048882842063914040e+02 -7.819862961769708818e+02 -3.725723822911871821e+02 -8.362634976705342638e+01 -3.561279177666541500e+02
8.337662518024828842e+02 7.048882842063914040e+02 -7.819862961769708818e+02 -3.725723822911871821e+02 -8.362634976705342638e+01 -3.561279177666541500e+02
8.337662518024828842e+02 7.048882842063914040e+02 -7.819862961769708818e+02 -3.725723822911871821e+02 -8.362634976705342638e+01 -3.561279177666541500e+02
8.337662518024828842e+02 7.048882842063914040e+02 -7.819862961769708818e+02 -3.725723822911871821e+02 -8.362634976705342638e+01 -3.561279177666541500e+02
8.337662518024828842e+02 7.048882842063914040e+02 -7.819862961769708818e+02 -3.725723822911871821e+02 -8.362634976705342638e+01 -3.561279177666541500e+02
8.337662518024828842e+02 7.048882842063914040e+02 -7.819862961769708818e+02 -3.725723822911871821e+02 -8.362634976705342638e+01 -3.561279177666541500e+02
8.337662518024828842e+02 7.048882842063914040e+02 -7.819862961769708818e+02 -3.725723822911871821e+02 -8.362634976705342638e+01 -3.561279177666541500e+02
8.337662518024828842e+02 7.048882842063914040e+02 -7.819862961769708818e+02 -3.725723822911871821e+02 -8.362634976705342638e+01 -3.561279177666541500e+02
8.337662518024828842e+02 7.048882842063914040e+02 -7.819862961769708818e+02 -3.725723822911871821e+02 -8.362634976705342638e+01 -3.561279177666541500e+02
8.337662518024828842e+02 7.048882842063914040e+02 -7.819862961769708818e+02 -3.725723822911871821e+02 -8.362634976705342638e+01 -3.561279177666541500e+02
-6.918901860714069016e+02 -7.022698044776738016e+02 9.696203231811946353e+02 5.974359432856425656e+02 -2.845887978871527366e+02 1.078224658966458378e+02
-6.918901860714069016e+02 -7.022698044776738016e+02 9.696203231811946353e+02 5.974359432856425656e+02 -2.845887978871527366e+02 1.078224658966458378e+02
-6.918901860714069016e+02 -7.022698044776738016e+02 9.696203231811946353e+02 5.974359432856425656e+02 -2.845887978871527366e+02 1.078224658966458378e+02
-6.918901860714069016e+02 -7.022698044776738016e+02 9.696203231811946353e+02 5.974359432856425656e+02 -2.845887978871527366e+02 1.078224658966458378e+02
-6.918901860714069016e+02 -7.022698044776738016e+02 9.696203231811946353e+02 5.974359432856425656e+02 -2.845887978871527366e+02 1.078224658966458378e+02
-6.918901860714069016e+02 -7.022698044776738016e+02 9.696203231811946353e+02 5.974359432856425656e+02 -2.845887978871527366e+02 1.078224658966458378e+02
-6.918901860714069016e+02 -7.022698044776738016e+02 9.696203231811946353e+02 5.974359432856425656e+02 -2.845887978871527366e+02 1.078224658966458378e+02
-6.918901860714069016e+02 -7.022698044776738016e+02 9.696203231811946353e+02 5.974359432856425656e+02 -2.845887978871527366e+02 1.078224658966458378e+02
-6.918901860714069016e+02 -7.022698044776738016e+02 9.696203231811946353e+02 5.974359432856425656e+02 -2.845887978871527366e+02 1.078224658966458378e+02
-6.918901860714069016e+02 -7.022698044776738016e+02 9.696203231811946353e+02 5.974359432856425656e+02 -2.845887978871527366e+02 1.078224658966458378e+02
-6.918901860714069016e+02 -7.022698044776738016e+02 9.696203231811946353e+02 5.974359432856425656e+02 -2.845887978871527366e+02 1.078224658966458378e+02
-6.918901860714069016e+02 -7.022698044776738016e+02 9.696203231811946353e+02 5.974359432856425656e+02 -2.845887978871527366e+02 1.078224658966458378e+02
-6.918901860714063332e+02 -7.022698044776732331e+02 9.696203231811944079e+02 5.974359432856424519e+02 -2.845887978871514292e+02 1.078224658966455678e+02
-6.918901860714063332e+02 -7.022698044776732331e+02 9.696203231811944079e+02 5.974359432856424519e+02 -2.845887978871514292e+02 1.078224658966455678e+02
-6.918901860714063332e+02 -7.022698044776732331e+02 9.696203231811944079e+02 5.974359432856424519e+02 -2.845887978871514292e+02 1.078224658966455678e+02
-6.918901860714063332e+02 -7.022698044776732331e+02 9.696203231811944079e+02 5.974359432856424519e+02 -2.845887978871514292e+02 1.078224658966455678e+02
-6.918901860714063332e+02 -7.022698044776732331e+02 9.696203231811944079e+02 5.974359432856424519e+02 -2.845887978871514292e+02 1.078224658966455678e+02
-6.918901860714063332e+02 -7.022698044776732331e+02 9.696203231811944079e+02 5.974359432856424519e+02 -2.845887978871514292e+02 1.078224658966455678e+02
-6.918901860714063332e+02 -7.022698044776732331e+02 9.696203231811944079e+02 5.974359432856424519e+02 -2.845887978871514292e+02 1.078224658966455678e+02
-6.918901860714063332e+02 -7.022698044776732331e+02 9.696203231811944079e+02 5.974359432856424519e+02 -2.845887978871514292e+02 1.078224658966455678e+02
-6.918901860714063332e+02 -7.022698044776732331e+02 9.696203231811944079e+02 5.974359432856424519e+02 -2.845887978871514292e+02 1.078224658966455678e+02
-6.918901860714063332e+02 -7.022698044776732331e+02 9.696203231811944079e+02 5.974359432856424519e+02 -2.845887978871514292e+02 1.078224658966455678e+02
-6.918901860714063332e+02 -7.022698044776732331e+02 9.696203231811944079e+02 5.974359432856424519e+02 -2.845887978871514292e+02 1.078224658966455678e+02
-6.918901860714063332e+02 -7.022698044776732331e+02 9.696203231811944079e+02 5.974359432856424519e+02 -2.845887978871514292e+02 1.078224658966455678e+02
-6.918901860714063332e+02 -7.022698044776732331e+02 9.696203231811944079e+02 5.974359432856424519e+02 -2.845887978871514292e+02 1.078224658966455678e+02
-6.918901860714063332e+02 -7.022698044776732331e+02 9.696203231811944079e+02 5.974359432856424519e+02 -2.845887978871514292e+02 1.078224658966455678e+02
-6.918901860714063332e+02 -7.022698044776732331e+02 9.696203231811944079e+02 5.974359432856424519e+02 -2.845887978871514292e+02 1.078224658966455678e+02
-6.918901860714063332e+02 -7.022698044776732331e+02 9.696203231811944079e+02 5.974359432856424519e+02 -2.845887978871514292e+02 1.078224658966455678e+02
-6.918901860714063332e+02 -7.022698044776732331e+02 9.696203231811944079e+02 5.974359432856424519e+02 -2.845887978871514292e+02 1.078224658966455678e+02
-6.918901860714063332e+02 -7.022698044776732331e+02 9.696203231811944079e+02 5.974359432856424519e+02 -2.845887978871514292e+02 1.078224658966455678e+02
-6.918901860714063332e+02 -7.022698044776732331e+02 9.696203231811944079e+02 5.974359432856424519e+02 -2.845887978871514292e+02 1.078224658966455678e+02
-6.918901860714063332e+02 -7.022698044776732331e+02 9.696203231811944079e+02 5.974359432856424519e+02 -2.845887978871514292e+02 1.078224658966455678e+02
-6.918901860714063332e+02 -7.022698044776732331e+02 9.696203231811944079e+02 5.974359432856424519e+02 -2.845887978871514292e+02 1.078224658966455678e+02
