0.0
0.181772904105488
0.26667359961442955
0.33930062393261773
0.4076500157373748
0.47501603230936457
0.5433288865396886
0.6140068757745215
0.6649086408284165
0.6701703892618623
0.6755511780859886
0.6810553887831216
0.6866876262320126
0.6924527334311885
0.698355807508221
0.7044022172351597
0.7105976224034816
0.7169479957134623
0.723459648595813
0.7301392645651117
0.7369939509357099
0.7440313488252455
0.751259996381622
0.7586914707191769
0.7663877976769475
0.7740076140165962
0.7822774799773251
0.790562255289515
0.7987611257039284
0.8076617577173202
0.8165935461282444
0.8258223097690781
0.8353434392592727
0.8451692974333437
0.8553148880872792
0.8657966721208921
0.8766324186665604
0.8989103226867444
0.9229433475571467
0.9488438835587374
0.976803161850509
1.0070661697742502
1.0399305588188212
1.0757539885227057
1.1149666992420997
1.1996627052027953
1.2093123155933814
1.1230138144160997
1.0830900453182
1.0466493928277432
1.0132460160160126
0.9825098817944814
0.9541334482782834
0.9278636905368786
0.9035022778062523
0.8809273597920448
0.8699493305168388
0.8593324360084107
0.8490583424534331
0.8391099671873864
0.8294714023609413
0.8201279383374442
0.8110668562635844
0.8023845814083849
0.7936073322747503
0.7854311006837078
0.7771710517186009
0.7694235636800355
0.761609689622899
0.7541069504772436
0.746804694758511
0.7396955442723677
0.7327716333094144
0.7260254151423364
0.7194497295120477
0.7130377952412619
0.7067831901817401
0.700679829272563
0.6947219432023773
0.691536516713076
0.691830038588388
0.6946007032911793
0.6992338021287723
0.7053397910203523
0.712666716139347
0.7210504641209186
0.7303853300532777
0.7406060211884388
0.7516763672229744
0.7635821134348739
0.7888646150849914
0.8176883049151148
0.8503399795325683
0.8822471644376294
0.8437613311789874
0.809391409508482
0.7785393467834292
0.7637331817008306
0.7496391906678946
0.7362054754683767
0.7233850996841268
0.7111355084693056
0.6994180279539678
0.6881974318327745
0.6774415648814205
0.6671210149178891
0.6572088261828476
0.6476802483371427
0.6385125163546717
0.6296846576615873
0.6211773242301457
0.6129726497979683
0.6050541387464207
0.5974066149751027
0.5900163573232649
0.5828721925720073
0.5759771978668324
0.5689987216477319
0.5628275404213907
0.5564704695828773
0.5500399943916758
0.5488824123381004
0.550182447488216
0.5530513526111592
0.5570045164209715
0.5617616958050147
0.5671538860745249
0.5730764207959977
0.5794638349990614
0.5862756882230002
0.5934882270584816
0.6010893126732709
0.6090752524280266
0.6173783921526292
0.6256180196213749
0.6338754254563046
0.6422110271922336
0.6506718902773994
0.6592963994931352
0.6681172689044274
0.6771635497025136
0.6864620163337998
0.6960381580794911
0.7059169160869893
0.7161232547412091
0.7370907477511849
0.7484609547190428
0.7574983542549326
0.7424298677226713
0.7281052435381503
0.7144691612403136
0.7014716855744249
0.6890676259154264
0.6772159850179826
0.6658794828929377
0.6550241441320548
0.6446189390321281
0.6346354705106236
0.625047700138678
0.6158317077062453
0.6069654796273309
0.5984287222289628
0.5902026965761059
0.5822700719901696
0.5746147958402512
0.5672219775392963
0.5600777849745218
0.5531693518533902
0.5464846946626802
0.5400126381288485
0.5337427482469739
0.5276652721408557
0.5217710843010079
0.5160516393543293
0.510498933356403
0.5051054830670004
0.49986437533015404
0.4947698709134193
0.4898701466443063
0.48492092846706253
0.48029147479778134
0.47798234670923323
0.475662031309538
0.47341583401532883
0.47118297465150094
0.4689792984031171
0.4668039446946527
0.4646562992745183
0.4625357938833451
0.46044188268026137
0.4583740367991223
0.4563317424122657
0.45431449974220695
0.4523218223961917
0.45035323683407963
0.4484082819022889
0.44648650840673715
0.4445874787126496
0.44271076636520984
0.4408559557277459
0.4390226416354326
0.43721042906315133
0.4354189328065024
0.43364777717517217
0.43189659569798144
0.43016503083902813
0.42845273372439246
0.42675936387891944
0.425084588972628
0.4234280845763239
0.42178953392602014
0.4201686276957894
0.41856506377869385
0.41697854707545506
0.41540878929054426
0.4138555087353883
0.41231843013840114
0.4107972844615657
0.4092918087233017
0.4078017458273691
0.4063268443975675
0.40486685861800287
0.4034215480787035
0.4019906776263758
0.40057401722010233
0.39917134179179004
0.39778243111118744
0.39640706965529665
0.395045046482014
0.39369615510783856
0.39236019338949846
0.39103696340934646
0.38972627136438676
0.3884279274587989
0.38714174579982935
0.3858675442969297
0.38460514456402234
0.3833543718247808
0.38211505482081765
0.3806097978011185
0.36809881423464325
0.35555575718850035
0.3429625523558346
0.33029894801267445
0.31754201611415606
0.3046655057592527
0.2916389916472511
0.2784267318854509
0.2650079909673715
0.25164470854247817
0.23829608197880608
0.22491546122117426
0.21144813271773377
0.19782808391038814
0.18397309338259615
0.16977693261599516
0.155096271558472
0.13972708838506614
0.12335803234917389
0.10546541477717469
0.08502465182152062
0.05937134822311226
0.0
