0.000000000000000000e+00
1.321655846677717294e-01
3.546969779870218775e-01
4.698202852071858837e-01
5.044356003072884009e-01
5.390509427568325185e-01
5.878978301556558872e-01
6.392281725826567396e-01
6.905585635054976024e-01
8.413216563314643848e-01
1.044231536311263531e+00
1.207164876805208120e+00
9.576832849239491630e-01
7.082017261039474931e-01
6.448878248393162815e-01
5.929953482984843260e-01
5.411029128601911875e-01
5.069337367790184290e-01
4.727645697800160196e-01
4.776910727129503043e-01
5.267118259021470461e-01
6.692540643734176120e-01
6.186195195914848677e-01
4.825351823039001342e-01
4.284302510899404282e-01
3.858737001270518552e-01
3.433171672653345108e-01
3.169634964291702106e-01
3.058698136450636040e-01
3.163408022095475780e-01
3.456917143562290851e-01
3.839448535148601849e-01
4.284540520445508371e-01
4.769805718006140394e-01
5.142085493763749460e-01
4.483709468791855501e-01
3.961452803447640392e-01
3.538873192972665227e-01
3.191151968282860962e-01
2.900986621655530784e-01
2.610832567743293642e-01
2.453493861217171113e-01
2.264730180953584138e-01
2.075967333905222312e-01
1.952373324933278642e-01
1.890576320172023816e-01
1.831212860240278018e-01
1.774894993220418604e-01
1.721618898620409788e-01
1.671232639753263138e-01
1.623548945076886962e-01
1.578378899599111596e-01
1.535542964191376203e-01
1.494874377381082142e-01
1.420760722192198067e-01
1.077623934893927049e-01
7.735681132560157103e-02
5.193802331490420671e-02
3.116949507033753980e-02
1.409985795932029197e-02
0.000000000000000000e+00
