-1.830125073600465946e-01 4.022601881063257445e-01 -4.177967213352570819e-01 -2.430126369802949604e+00 -1.389870735899615128e-01 3.256897200061631192e+00 8.781143007384980548e-01
-1.844305742938686099e-01 4.114609750479982786e-01 -4.210332840530949805e-01 -2.430700775570718619e+00 -1.400635120839028025e-01 3.269950551105281544e+00 8.788327258205513859e-01
-1.858762370795974395e-01 4.208390570836161859e-01 -4.243320095553007598e-01 -2.431286271391392972e+00 -1.411606925244857091e-01 3.283254897534196637e+00 8.795648747146499469e-01
-1.873497982615829061e-01 4.303962137352039252e-01 -4.276935024500461147e-01 -2.431882970610371952e+00 -1.422788230482167626e-01 3.296812707832847522e+00 8.803108738274791900e-01
-1.888508838978865401e-01 4.401298188444769388e-01 -4.311168156405854046e-01 -2.432490711727983701e+00 -1.434175963475287086e-01 3.310620195014798650e+00 8.810705044314808276e-01
-1.903794982773533984e-01 4.500396797464132348e-01 -4.346018556644956066e-01 -2.433109485419903795e+00 -1.445769898129820596e-01 3.324677018246307902e+00 8.818437364074048768e-01
-1.919357494626462435e-01 4.601262529700726467e-01 -4.381487546166706326e-01 -2.433739323186776993e+00 -1.457570567795444805e-01 3.338983750336322220e+00 8.826305886780797527e-01
-1.934914496385859439e-01 4.702066451324308227e-01 -4.416931756451809021e-01 -2.434368807025037107e+00 -1.469363997853365689e-01 3.353280915499507575e+00 8.834167801388101982e-01
-1.950214295959469823e-01 4.801176906277560552e-01 -4.451777381184792715e-01 -2.434987748792963647e+00 -1.480959294479077815e-01 3.367337069718490117e+00 8.841895798167118681e-01
-1.965228619429084111e-01 4.898410655186718476e-01 -4.485959986581553038e-01 -2.435595004269395680e+00 -1.492335019798114448e-01 3.381126222838372719e+00 8.849475583537601553e-01
-1.979955516004464622e-01 4.993755059310711064e-01 -4.519475128864101077e-01 -2.436190494527907369e+00 -1.503489695157134987e-01 3.394646582340328678e+00 8.856906171893087487e-01
-1.994394985685611077e-01 5.087210118649539980e-01 -4.552322808032437385e-01 -2.436774219568498712e+00 -1.514423320556139152e-01 3.407898148224358881e+00 8.864187563233576483e-01
-2.008547028472523754e-01 5.178775833203204115e-01 -4.584503024086561407e-01 -2.437346179391170153e+00 -1.525135895995126945e-01 3.420880920490461996e+00 8.871319757559069652e-01
-2.022411644365202932e-01 5.268452202971704024e-01 -4.616015777026473699e-01 -2.437906373995921250e+00 -1.535627421474098919e-01 3.433594899138639800e+00 8.878302754869566993e-01
-2.035988833363648332e-01 5.356239227955039706e-01 -4.646861066852173150e-01 -2.438454803382752445e+00 -1.545897896993054521e-01 3.446040084168890516e+00 8.885136555165066286e-01
-2.049278595467859954e-01 5.442136908153210051e-01 -4.677038893563661426e-01 -2.438991467551662851e+00 -1.555947322551993750e-01 3.458216475581215477e+00 8.891821158445569750e-01
-2.062280930677838076e-01 5.526145243566215060e-01 -4.706549257160936861e-01 -2.439516366502653799e+00 -1.565775698150917161e-01 3.470124073375613794e+00 8.898356564711077388e-01
-2.074995838993582142e-01 5.608264234194058062e-01 -4.735392157644000566e-01 -2.440029500235723958e+00 -1.575383023789824199e-01 3.481762877552086355e+00 8.904742773961589197e-01
-2.087423320415092709e-01 5.688493880036734618e-01 -4.763567595012852540e-01 -2.440530868750874660e+00 -1.584769299468714865e-01 3.493132888110632273e+00 8.910979786197104069e-01
-2.099563374942368943e-01 5.766834181094248057e-01 -4.791075569267491674e-01 -2.441020472048104573e+00 -1.593934525187589435e-01 3.504234105051251991e+00 8.917067601417622003e-01
-2.111416002575412232e-01 5.843285137366595050e-01 -4.817916080407919632e-01 -2.441498310127414584e+00 -1.602878700946448187e-01 3.515066528373945509e+00 8.923006219623142998e-01
-2.122981203314220910e-01 5.917846748853778927e-01 -4.844089128434135305e-01 -2.441964382988804250e+00 -1.611601826745290289e-01 3.525630158078712828e+00 8.928795640813669277e-01
-2.134258977158796367e-01 5.990519015555797466e-01 -4.869594713346137582e-01 -2.442418690632274014e+00 -1.620103902584116573e-01 3.535924994165553947e+00 8.934435864989197507e-01
-2.145249324109138045e-01 6.061301937472651780e-01 -4.894432835143929239e-01 -2.442861233057822989e+00 -1.628384928462926484e-01 3.545951036634468423e+00 8.939926892149731019e-01
-2.155952244165245946e-01 6.130195514604340756e-01 -4.918603493827508610e-01 -2.443292010265452507e+00 -1.636444904381720022e-01 3.555708285485456699e+00 8.945268722295267594e-01
-2.166367737327120069e-01 6.197199746950867727e-01 -4.942106689396875696e-01 -2.443711022255161236e+00 -1.644283830340497465e-01 3.565196740718518775e+00 8.950461355425807231e-01
-2.176495803594760414e-01 6.262314634512228251e-01 -4.964942421852030496e-01 -2.444118269026950507e+00 -1.651901706339258813e-01 3.574416402333654652e+00 8.955504791541349929e-01
-2.186336442968167260e-01 6.325540177288424548e-01 -4.987110691192973011e-01 -2.444513750580818545e+00 -1.659298532378003788e-01 3.583367270330864329e+00 8.960399030641896800e-01
-2.195889655447339772e-01 6.386876375279455509e-01 -5.008611497419703795e-01 -2.444897466916767570e+00 -1.666474308456732667e-01 3.592049344710147807e+00 8.965144072727447844e-01
-2.205155441032279062e-01 6.446323228485323353e-01 -5.029444840532222294e-01 -2.445269418034795361e+00 -1.673429034575445451e-01 3.600462625471504641e+00 8.969739917798003059e-01
-2.214133799722984297e-01 6.503880736906026971e-01 -5.049610720530528507e-01 -2.445629603934903695e+00 -1.680162710734141862e-01 3.608607112614935719e+00 8.974186565853560227e-01
-2.222824731519456032e-01 6.559548900541564143e-01 -5.069109137414623545e-01 -2.445978024617091240e+00 -1.686675336932822455e-01 3.616482806140440154e+00 8.978484016894122677e-01
-2.231228236421693989e-01 6.613327719391938198e-01 -5.087940091184505187e-01 -2.446314680081359327e+00 -1.692966913171486398e-01 3.624089706048018389e+00 8.982632270919687079e-01
-2.239344314429698168e-01 6.665217193457146916e-01 -5.106103581840175654e-01 -2.446639570327706625e+00 -1.699037439450134246e-01 3.631427812337670424e+00 8.986631327930255653e-01
-2.247172965543468570e-01 6.715217322737191408e-01 -5.123599609381633835e-01 -2.446952695356134466e+00 -1.704886915768765998e-01 3.638497125009395816e+00 8.990481187925828399e-01
-2.254714189763005194e-01 6.763328107232072783e-01 -5.140428173808879730e-01 -2.447254055166641074e+00 -1.710515342127381655e-01 3.645297644063195452e+00 8.994181850906404208e-01
-2.261967987088307763e-01 6.809549546941787712e-01 -5.156589275121914451e-01 -2.447543649759227780e+00 -1.715922718525980939e-01 3.651829369499068445e+00 8.997733316871984188e-01
-2.268934357519376832e-01 6.853881641866339525e-01 -5.172082913320735775e-01 -2.447821479133895028e+00 -1.721109044964564128e-01 3.658092301317015682e+00 9.001135585822567231e-01
-2.275613301056212401e-01 6.896324392005724890e-01 -5.186909088405345924e-01 -2.448087543290641488e+00 -1.726074321443131221e-01 3.664086439517036276e+00 9.004388657758154446e-01
-2.282004817698813914e-01 6.936877797359947140e-01 -5.201067800375742678e-01 -2.448341842229468046e+00 -1.730818547961681941e-01 3.669811784099130669e+00 9.007492532678743613e-01
-2.288108907447181650e-01 6.975541857929004053e-01 -5.214559049231928256e-01 -2.448584375950374259e+00 -1.735341724520216566e-01 3.675268335063298419e+00 9.010447210584338062e-01
-2.293925570301315886e-01 7.012316573712897849e-01 -5.227382834973901549e-01 -2.448815144453360571e+00 -1.739643851118735096e-01 3.680456092409540414e+00 9.013252691474935574e-01
-2.299454806261216067e-01 7.047201944711625199e-01 -5.239539157601663666e-01 -2.449034147738426093e+00 -1.743724927757237253e-01 3.685375056137855765e+00 9.015908975350537258e-01
-2.304696615326883025e-01 7.080197970925189432e-01 -5.251028017115212387e-01 -2.449241385805571714e+00 -1.747584954435723037e-01 3.690025226248245360e+00 9.018416062211142004e-01
-2.309650997498315650e-01 7.111304652353589439e-01 -5.261849413514549934e-01 -2.449436858654797433e+00 -1.751223931154192726e-01 3.694406602740708312e+00 9.020773952056749811e-01
-2.314317952775515053e-01 7.140521988996824110e-01 -5.272003346799675194e-01 -2.449620566286102807e+00 -1.754641857912646596e-01 3.698519185615245064e+00 9.022982644887361792e-01
-2.318697481158480123e-01 7.167849980854894554e-01 -5.281489816970588169e-01 -2.449792508699487836e+00 -1.757838734711083817e-01 3.702362974871856061e+00 9.025042140702976834e-01
-2.322789582647211970e-01 7.193288627927799661e-01 -5.290308824027288859e-01 -2.449952685894952964e+00 -1.760814561549505219e-01 3.705937970510539969e+00 9.026952439503597159e-01
-2.326594257241709762e-01 7.216837930215540542e-01 -5.298460367969778373e-01 -2.450101097872497302e+00 -1.763569338427910249e-01 3.709244172531297679e+00 9.028713541289219435e-01
-2.330111504941973499e-01 7.238497887718118307e-01 -5.305944448798054491e-01 -2.450237744632122183e+00 -1.766103065346298906e-01 3.712281580934129632e+00 9.030325446059845884e-01
-2.333341325748004014e-01 7.258268500435529624e-01 -5.312761066512119434e-01 -2.450362626173826275e+00 -1.768415742304671467e-01 3.715050195719035386e+00 9.031788153815476505e-01
-2.336283719659800473e-01 7.276149768367778936e-01 -5.318910221111972092e-01 -2.450475742497610909e+00 -1.770507369303028211e-01 3.717550016886014053e+00 9.033101664556109078e-01
-2.338938686677363710e-01 7.292141691514861801e-01 -5.324391912597612464e-01 -2.450577093603474754e+00 -1.772377946341368304e-01 3.719781044435066519e+00 9.034265978281746934e-01
-2.341306226800692336e-01 7.306244269876778219e-01 -5.329206140969040550e-01 -2.450666679491418698e+00 -1.774027473419692302e-01 3.721743278366194119e+00 9.035281094992387851e-01
-2.343386340029788018e-01 7.318457503453532631e-01 -5.333352906226256351e-01 -2.450744500161442296e+00 -1.775455950538000205e-01 3.723436718679394186e+00 9.036147014688031831e-01
-2.345179026364649366e-01 7.328781392245122817e-01 -5.336832208369260977e-01 -2.450810555613545993e+00 -1.776663377696292012e-01 3.724861365374668054e+00 9.036863737368681093e-01
-2.346684285805276937e-01 7.337215936251546555e-01 -5.339644047398053317e-01 -2.450864845847728901e+00 -1.777649754894567447e-01 3.726017218452015722e+00 9.037431263034331197e-01
-2.347902118351671286e-01 7.343761135472808288e-01 -5.341788423312633372e-01 -2.450907370863992352e+00 -1.778415082132826786e-01 3.726904277911437635e+00 9.037849591684986583e-01
-2.348832524003832134e-01 7.348416989908903574e-01 -5.343265336113001140e-01 -2.450938130662335013e+00 -1.778959359411069752e-01 3.727522543752932904e+00 9.038118723320646142e-01
-2.349475502761758372e-01 7.351183499559836854e-01 -5.344074785799156624e-01 -2.450957125242757773e+00 -1.779282586729296622e-01 3.727872015976501530e+00 9.038238657941308762e-01
-2.349831054601119185e-01 7.352060664433356374e-01 -5.344216772393124426e-01 -2.450964354605106088e+00 -1.779384764088466353e-01 3.727952694588314575e+00 9.038209395558904902e-01
-2.349899179800540860e-01 7.351048489829632437e-01 -5.343691298166225456e-01 -2.450959818778185362e+00 -1.779265892109756220e-01 3.727764580447223253e+00 9.038030936826064732e-01
-2.349679880904381180e-01 7.348146994068955884e-01 -5.342498369774081324e-01 -2.450943517874148547e+00 -1.778925972937098476e-01 3.727307676207829878e+00 9.037703283297170431e-01
-2.349173161143017496e-01 7.343356198700825566e-01 -5.340637994865897742e-01 -2.450915452026805497e+00 -1.778365009091843196e-01 3.726581984945465997e+00 9.037226436695208198e-01
-2.348379023837184054e-01 7.336676125622902944e-01 -5.338110181185619085e-01 -2.450875621372431645e+00 -1.777583003135999040e-01 3.725587509777571693e+00 9.036600398754074392e-01
-2.347297472326933532e-01 7.328106796817712709e-01 -5.334914936502317406e-01 -2.450824026047882853e+00 -1.776579957641490071e-01 3.724324253832384635e+00 9.035825171211515627e-01
-2.345928509958979946e-01 7.317648234297216003e-01 -5.331052268593819976e-01 -2.450760666190214820e+00 -1.775355875183680932e-01 3.722792220241900818e+00 9.034900755806644090e-01
-2.344272140083968337e-01 7.305300460094120707e-01 -5.326522185244697560e-01 -2.450685541936618694e+00 -1.773910758340361271e-01 3.720991412140911780e+00 9.033827154279862048e-01
-2.342328366053786082e-01 7.291063496245839826e-01 -5.321324694240781028e-01 -2.450598653424319373e+00 -1.772244609689870298e-01 3.718921832664771721e+00 9.032604368371709436e-01
-2.340097191220934236e-01 7.274937364792044558e-01 -5.315459803368497438e-01 -2.450500000790556854e+00 -1.770357431810811177e-01 3.716583484949106619e+00 9.031232399822787249e-01
-2.337578618938214725e-01 7.256922087773427510e-01 -5.308927520414524759e-01 -2.450389584172580903e+00 -1.768249227281905589e-01 3.713976372129655257e+00 9.029711250373706477e-01
-2.334772652558997352e-01 7.237017687234018615e-01 -5.301727853166674498e-01 -2.450267403707660829e+00 -1.765919998682266012e-01 3.711100497342622262e+00 9.028040921765323468e-01
-2.331679295436772659e-01 7.215224185218247488e-01 -5.293860809412854751e-01 -2.450133459533069047e+00 -1.763369748591052111e-01 3.707955863724254453e+00 9.026221415738494569e-01
-2.328298550925073651e-01 7.191541603770557067e-01 -5.285326396940943638e-01 -2.449987751786078860e+00 -1.760598479587423826e-01 3.704542474410793762e+00 9.024252734034057255e-01
-2.324630422377439443e-01 7.165969964935222647e-01 -5.276124623538744896e-01 -2.449830280603962684e+00 -1.757606194250522780e-01 3.700860332538452813e+00 9.022134878392829016e-01
-2.320674913147577068e-01 7.138509290757583114e-01 -5.266255496994421970e-01 -2.449661046123999153e+00 -1.754392895159613552e-01 3.696909441243593886e+00 9.019867850555700617e-01
-2.316432026589205773e-01 7.109159603282950712e-01 -5.255719025096126096e-01 -2.449480048483466899e+00 -1.750958584893958503e-01 3.692689803662571268e+00 9.017451652263558382e-01
-2.311901766056029262e-01 7.077920924556475590e-01 -5.244515215631938565e-01 -2.449287287819645442e+00 -1.747303266032801394e-01 3.688201422931714824e+00 9.014886285257269760e-01
-2.307225971552924471e-01 7.045767382789009936e-01 -5.232993009782801463e-01 -2.449088779608999733e+00 -1.743540922690537953e-01 3.683584148597417673e+00 9.012251493064395991e-01
-2.302746481375786969e-01 7.015034965861979277e-01 -5.221987892242584417e-01 -2.448898962679680658e+00 -1.739944888657262712e-01 3.679173005946039687e+00 9.009737748041363181e-01
-2.298445779463742789e-01 6.985585545776480387e-01 -5.211448421723812174e-01 -2.448717004715088130e+00 -1.736498996128353622e-01 3.674947649121671489e+00 9.007332591055878801e-01
-2.294298708078552074e-01 6.957233971097486203e-01 -5.201306913488203953e-01 -2.448541776694564298e+00 -1.733181576628544662e-01 3.670881139250542269e+00 9.005020066122023659e-01
-2.290195217101704817e-01 6.929219720259516269e-01 -5.191290422612963029e-01 -2.448368587681935882e+00 -1.729903639067568166e-01 3.666864156472079195e+00 9.002737610990496631e-01
-2.286193695997099096e-01 6.901935524315334636e-01 -5.181538717867554267e-01 -2.448199872473495464e+00 -1.726711135021259669e-01 3.662952843412029313e+00 9.000516840622384551e-01
-2.282414136483771616e-01 6.876192682078319240e-01 -5.172341006888209192e-01 -2.448040655840054924e+00 -1.723698991942032577e-01 3.659263303620572838e+00 8.998423343609257552e-01
-2.278876745460789166e-01 6.852121798057368984e-01 -5.163743173835209088e-01 -2.447891753763399514e+00 -1.720882489640010449e-01 3.655814050834847784e+00 8.996467283545380722e-01
-2.275569231211169163e-01 6.829633404427910559e-01 -5.155712614627044887e-01 -2.447752619609401492e+00 -1.718251157871081292e-01 3.652592094645662257e+00 8.994641010218594745e-01
-2.272510368729943608e-01 6.808850298656484723e-01 -5.148292639978121477e-01 -2.447624018801269674e+00 -1.715819363529467456e-01 3.649614886601309394e+00 8.992954179056595887e-01
-2.269670153595994277e-01 6.789564635725866548e-01 -5.141408601993958660e-01 -2.447504669908915353e+00 -1.713562785852277282e-01 3.646852536182000115e+00 8.991389660543411821e-01
-2.267016554738384149e-01 6.771555916138258802e-01 -5.134981458975419466e-01 -2.447393211893313492e+00 -1.711455623730418485e-01 3.644273372701159364e+00 8.989929370903728678e-01
-2.264561075344375118e-01 6.754899753857777078e-01 -5.129037923639186980e-01 -2.447290115613341310e+00 -1.709506723862425637e-01 3.641888153618802804e+00 8.988579281190485215e-01
-2.262316575371645655e-01 6.739681170692852774e-01 -5.123608088559904461e-01 -2.447195909919526180e+00 -1.707726033798414589e-01 3.639708989618440249e+00 8.987346138398084605e-01
-2.260309163018314194e-01 6.726075153779482729e-01 -5.118754160307490420e-01 -2.447111680402644485e+00 -1.706134027757488236e-01 3.637760877624041100e+00 8.986243988269124738e-01
-2.258551009338091720e-01 6.714162347906348360e-01 -5.114504702559490301e-01 -2.447037928473702717e+00 -1.704740141232866657e-01 3.636055310181838252e+00 8.985279242369867969e-01
-2.257049998462693496e-01 6.703994577879826000e-01 -5.110878023857007291e-01 -2.446974976853120154e+00 -1.703550437634185899e-01 3.634599660311998548e+00 8.984455993180667788e-01
-2.255812801580494020e-01 6.695615695459165018e-01 -5.107889616042514680e-01 -2.446923098612019842e+00 -1.702570047538831677e-01 3.633400166723895541e+00 8.983777703569516548e-01
-2.254844876936527021e-01 6.689061579356462284e-01 -5.105552154259851427e-01 -2.446882517172231264e+00 -1.701803168691936596e-01 3.632461933816104604e+00 8.983247206792042139e-01
-2.254150469832483239e-01 6.684360135236693257e-01 -5.103875496954227708e-01 -2.446853406306286782e+00 -1.701253066006382098e-01 3.631788931676409593e+00 8.982866706491511311e-01
-2.253732612626716814e-01 6.681531295717698660e-01 -5.102866685872222696e-01 -2.446835890137424752e+00 -1.700922071562797622e-01 3.631383996081797960e+00 8.982637776698831900e-01
-2.253593124734237785e-01 6.680587020370178930e-01 -5.102529946061782340e-01 -2.446830043139588184e+00 -1.700811584609560612e-01 3.631248828498461201e+00 8.982561361832545055e-01
