-9.887917750530827998e-02 6.416115621355990006e-01 -2.257065597621461250e-01 -4.005514621225799571e-02 -7.506483453066443989e-02 9.102855727274573594e-01 5.010290662221535823e-02
-1.008765070355881616e-01 6.544532654070248645e-01 -2.302102001054241454e-01 -4.085829535022620501e-02 -7.656720239766137692e-02 9.284684034139003561e-01 5.109759241733587837e-02
-1.028205218417311134e-01 6.669367377335168046e-01 -2.345863911550074565e-01 -4.163923106987706818e-02 -7.802765549130337430e-02 9.461392356617774890e-01 5.206346473179773032e-02
-1.047498951618907742e-01 6.793117703602811197e-01 -2.389228702864795717e-01 -4.241356172206858094e-02 -7.947541758009082913e-02 9.636521074466973813e-01 5.301995070331198129e-02
-1.067248849153469847e-01 6.919678098209282036e-01 -2.433564558056760530e-01 -4.320561915062221675e-02 -8.095605116587316352e-02 9.815590687403338288e-01 5.399735539052823857e-02
-1.086608436170407727e-01 7.043544240072163731e-01 -2.476933802835562803e-01 -4.398105476682472731e-02 -8.240515851772277356e-02 9.990788372604590961e-01 5.495261617795980935e-02
-1.104543214523196759e-01 7.157996148839222972e-01 -2.516971629397958266e-01 -4.469792535855210414e-02 -8.374411953276780785e-02 1.015257793735484970e+00 5.583320751291822454e-02
-1.087121491157641839e-01 7.043221018555957391e-01 -2.476394617593542513e-01 -4.398351519420866385e-02 -8.240126313602845476e-02 9.989211865032644466e-01 5.492512270414601910e-02
-1.067741633147485936e-01 6.915749610350560017e-01 -2.431352436456421517e-01 -4.318983152223289379e-02 -8.090986794936300130e-02 9.807835949935318487e-01 5.391796040285098263e-02
-1.047495102337094031e-01 6.782662977986998465e-01 -2.384335915811331141e-01 -4.236108218843445683e-02 -7.935277815857115502e-02 9.618496038599286813e-01 5.286700726605565032e-02
-1.027248571526701848e-01 6.649576345623439133e-01 -2.337319395166240765e-01 -4.153233285463601987e-02 -7.779568836777930874e-02 9.429156127263255138e-01 5.181605412926031107e-02
-1.007002040716309665e-01 6.516489713259878691e-01 -2.290302874521150389e-01 -4.070358352083758985e-02 -7.623859857698749021e-02 9.239816215927223464e-01 5.076510099246497182e-02
-9.867555099059177603e-02 6.383403080896318249e-01 -2.243286353876060013e-01 -3.987483418703915983e-02 -7.468150878619564392e-02 9.050476304591192900e-01 4.971414785566964645e-02
-9.665089790955255777e-02 6.250316448532756697e-01 -2.196269833230969359e-01 -3.904608485324072287e-02 -7.312441899540381152e-02 8.861136393255160115e-01 4.866319471887430720e-02
-9.462624482851335339e-02 6.117229816169196255e-01 -2.149253312585878706e-01 -3.821733551944229285e-02 -7.156732920461196523e-02 8.671796481919127331e-01 4.761224158207897489e-02
-9.260159174747414901e-02 5.984143183805635813e-01 -2.102236791940788607e-01 -3.738858618564385589e-02 -7.001023941382013283e-02 8.482456570583096767e-01 4.656128844528363564e-02
-9.057693866643494462e-02 5.851056551442075371e-01 -2.055220271295697954e-01 -3.655983685184542586e-02 -6.845314962302828654e-02 8.293116659247065092e-01 4.551033530848830333e-02
-8.855228558539572636e-02 5.717969919078514929e-01 -2.008203750650607577e-01 -3.573108751804699584e-02 -6.689605983223644026e-02 8.103776747911032308e-01 4.445938217169296408e-02
-8.652763250435653586e-02 5.584883286714954487e-01 -1.961187230005517201e-01 -3.490233818424855888e-02 -6.533897004144460785e-02 7.914436836575001744e-01 4.340842903489762483e-02
-8.450297942331731760e-02 5.451796654351394045e-01 -1.914170709360426548e-01 -3.407358885045012886e-02 -6.378188025065276157e-02 7.725096925238968959e-01 4.235747589810229252e-02
-8.247832634227809934e-02 5.318710021987832492e-01 -1.867154188715336172e-01 -3.324483951665168496e-02 -6.222479045986092222e-02 7.535757013902936174e-01 4.130652276130695327e-02
-8.045367326123889495e-02 5.185623389624272050e-01 -1.820137668070245518e-01 -3.241609018285325494e-02 -6.066770066906908287e-02 7.346417102566905610e-01 4.025556962451162096e-02
-7.842902018019969057e-02 5.052536757260711608e-01 -1.773121147425154864e-01 -3.158734084905482492e-02 -5.911061087827724353e-02 7.157077191230872826e-01 3.920461648771628171e-02
-7.640436709916047231e-02 4.919450124897150611e-01 -1.726104626780064488e-01 -3.075859151525639143e-02 -5.755352108748540418e-02 6.967737279894840041e-01 3.815366335092094940e-02
-7.437971401812126793e-02 4.786363492533590724e-01 -1.679088106134974112e-01 -2.992984218145795794e-02 -5.599643129669357178e-02 6.778397368558809477e-01 3.710271021412561016e-02
-7.235506093708207742e-02 4.653276860170029727e-01 -1.632071585489883736e-01 -2.910109284765952445e-02 -5.443934150590173937e-02 6.589057457222777803e-01 3.605175707733028478e-02
-7.033040785604284528e-02 4.520190227806468175e-01 -1.585055064844793082e-01 -2.827234351386108402e-02 -5.288225171510987921e-02 6.399717545886743908e-01 3.500080394053493860e-02
-6.830575477500364090e-02 4.387103595442908288e-01 -1.538038544199702429e-01 -2.744359418006265400e-02 -5.132516192431803986e-02 6.210377634550713344e-01 3.394985080373960629e-02
-6.628110169396443652e-02 4.254016963079347291e-01 -1.491022023554612053e-01 -2.661484484626422051e-02 -4.976807213352620746e-02 6.021037723214680559e-01 3.289889766694426704e-02
-6.425644861292523213e-02 4.120930330715786849e-01 -1.444005502909521677e-01 -2.578609551246578702e-02 -4.821098234273436811e-02 5.831697811878648885e-01 3.184794453014893473e-02
-6.223179553188600693e-02 3.987843698352225852e-01 -1.396988982264430745e-01 -2.495734617866735006e-02 -4.665389255194252183e-02 5.642357900542616100e-01 3.079699139335359201e-02
-6.020714245084680255e-02 3.854757065988664855e-01 -1.349972461619340369e-01 -2.412859684486891657e-02 -4.509680276115068248e-02 5.453017989206584426e-01 2.974603825655825970e-02
-5.818248936980759817e-02 3.721670433625104413e-01 -1.302955940974249993e-01 -2.329984751107048307e-02 -4.353971297035885007e-02 5.263678077870552752e-01 2.869508511976292392e-02
-5.615783628876837297e-02 3.588583801261542860e-01 -1.255939420329159062e-01 -2.247109817727204611e-02 -4.198262317956699685e-02 5.074338166534519967e-01 2.764413198296758467e-02
-5.413318320772918246e-02 3.455497168897983529e-01 -1.208922899684068963e-01 -2.164234884347361609e-02 -4.042553338877516445e-02 4.884998255198489403e-01 2.659317884617225583e-02
-5.210853012668996420e-02 3.322410536534421976e-01 -1.161906379038978449e-01 -2.081359950967517913e-02 -3.886844359798331816e-02 4.695658343862456063e-01 2.554222570937691311e-02
-5.008387704565077370e-02 3.189323904170862645e-01 -1.114889858393888072e-01 -1.998485017587675258e-02 -3.731135380719149269e-02 4.506318432526425499e-01 2.449127257258158774e-02
-4.805922396461155544e-02 3.056237271807301092e-01 -1.067873337748797419e-01 -1.915610084207831562e-02 -3.575426401639964641e-02 4.316978521190393270e-01 2.344031943578624502e-02
-4.603457088357235105e-02 2.923150639443740650e-01 -1.020856817103706904e-01 -1.832735150827988213e-02 -3.419717422560780012e-02 4.127638609854360485e-01 2.238936629899090924e-02
-4.400991780253313973e-02 2.790064007080179653e-01 -9.738402964586165278e-02 -1.749860217448144864e-02 -3.264008443481596078e-02 3.938298698518329366e-01 2.133841316219557693e-02
-4.198526472149391453e-02 2.656977374716618101e-01 -9.268237758135258741e-02 -1.666985284068301168e-02 -3.108299464402411103e-02 3.748958787182295471e-01 2.028746002540023768e-02
-3.996061164045471015e-02 2.523890742353058214e-01 -8.798072551684353593e-02 -1.584110350688457819e-02 -2.952590485323227862e-02 3.559618875846264352e-01 1.923650688860490190e-02
-3.793595855941551270e-02 2.390804109989498327e-01 -8.327907345233452607e-02 -1.501235417308614817e-02 -2.796881506244044621e-02 3.370278964510234343e-01 1.818555375180957306e-02
-3.591130547837629444e-02 2.257717477625937053e-01 -7.857742138782543295e-02 -1.418360483928770947e-02 -2.641172527164859646e-02 3.180939053174201003e-01 1.713460061501422688e-02
-3.388665239733708312e-02 2.124630845262376055e-01 -7.387576932331640922e-02 -1.335485550548927598e-02 -2.485463548085676405e-02 2.991599141838169329e-01 1.608364747821889110e-02
-3.186199931629788568e-02 1.991544212898815891e-01 -6.917411725880734386e-02 -1.252610617169084770e-02 -2.329754569006492471e-02 2.802259230502137100e-01 1.503269434142356399e-02
-2.983734623525867435e-02 1.858457580535254339e-01 -6.447246519429829237e-02 -1.169735683789240553e-02 -2.174045589927307495e-02 2.612919319166104315e-01 1.398174120462821954e-02
-2.781269315421945609e-02 1.725370948171693897e-01 -5.977081312978925476e-02 -1.086860750409397031e-02 -2.018336610848123214e-02 2.423579407830073473e-01 1.293078806783288202e-02
-2.578804007318027253e-02 1.592284315808134287e-01 -5.506916106528022409e-02 -1.003985817029554549e-02 -1.862627631768940667e-02 2.234239496494042077e-01 1.187983493103755492e-02
-2.376338699214104039e-02 1.459197683444572180e-01 -5.036750900077116566e-02 -9.211108836497103325e-03 -1.706918652689756039e-02 2.044899585158009570e-01 1.082888179424221740e-02
-2.173873391110184294e-02 1.326111051081012016e-01 -4.566585693626210030e-02 -8.382359502698669834e-03 -1.551209673610571757e-02 1.855559673821977063e-01 9.777928657446881625e-03
-1.971408083006262815e-02 1.193024418717451851e-01 -4.096420487175306963e-02 -7.553610168900245017e-03 -1.395500694531387822e-02 1.666219762485945943e-01 8.726975520651545845e-03
-1.768942774902341336e-02 1.059937786353890438e-01 -3.626255280724397650e-02 -6.724860835101803720e-03 -1.239791715452203714e-02 1.476879851149912326e-01 7.676022383856201392e-03
-1.566477466798420204e-02 9.268511539903301344e-02 -3.156090074273494583e-02 -5.896111501303370230e-03 -1.084082736373019606e-02 1.287539939813880929e-01 6.625069247060872552e-03
-1.364012158694498551e-02 7.937645216267687209e-02 -2.685924867822585618e-02 -5.067362167504928933e-03 -9.283737572938341107e-03 1.098200028477848561e-01 5.574116110265528966e-03
-1.161546850590578807e-02 6.606778892632084177e-02 -2.215759661371685674e-02 -4.238612833706503248e-03 -7.726647782146514772e-03 9.088601171418173030e-02 4.523162973470200125e-03
-9.590815424866587155e-03 5.275912568996482532e-02 -1.745594454920782607e-02 -3.409863499908069757e-03 -6.169557991354674559e-03 7.195202058057860450e-02 3.472209836674863912e-03
-7.566162343827373231e-03 3.945046245360879500e-02 -1.275429248469876417e-02 -2.581114166109635833e-03 -4.612468200562832611e-03 5.301802944697536074e-02 2.421256699879535505e-03
-5.541509262788157572e-03 2.614179921725264324e-02 -8.052640420189700540e-03 -1.752364832311201909e-03 -3.055378409770991531e-03 3.408403831337210310e-02 1.370303563084190835e-03
-3.516856181748959261e-03 1.283313598089661986e-02 -3.350988355680640379e-03 -9.236154985127685265e-04 -1.498288618979150884e-03 1.515004717976898771e-02 3.193504262888547849e-04
-1.492202007802163628e-03 -4.755253044082955252e-04 1.350661969047650462e-03 -9.486617564038691490e-05 5.880094073155323639e-05 -3.783938417914770643e-03 -7.316019399389898318e-04
5.324421707789904999e-04 -1.378409470023467601e-02 6.052276819834845507e-03 7.338777421036877125e-04 1.615879741477724025e-03 -2.271778537365598538e-02 -1.782545282602870105e-03
2.557064353812105433e-03 -2.709251616350246555e-02 1.075383902422747534e-02 1.562612488414284609e-03 3.172941233348377816e-03 -4.165142085651551973e-02 -2.833476717367675816e-03
4.581663318104037610e-03 -4.040078432911271833e-02 1.545534699451432854e-02 2.391337696817589197e-03 4.729984789459942308e-03 -6.058483804202383777e-02 -3.884396001113795717e-03
6.606238798962584848e-03 -5.370889781442100830e-02 2.015680028332234031e-02 3.220053276890208743e-03 6.287010248155454513e-03 -7.951803507106539048e-02 -4.935303048767410508e-03
8.630790708228414446e-03 -6.701685620266878418e-02 2.485819876213491222e-02 4.048759200710245164e-03 7.844017560725035851e-03 -9.845101139989789751e-02 -5.986197838400910722e-03
1.065531902119670402e-02 -8.032465941258408459e-02 2.955954241156910287e-02 4.877455462234892014e-03 9.401006717684944405e-03 -1.173837669374078463e-01 -7.037080369070982354e-03
1.267982373494841788e-02 -9.363230746622129563e-02 3.426083124415907344e-02 5.706142062338345408e-03 1.095797772162818498e-02 -1.363163017274330313e-01 -8.087950645302530162e-03
1.470430483704051640e-02 -1.069398002902920142e-01 3.896206523499162744e-02 6.534818996353908629e-03 1.251493056398281928e-02 -1.552486156682770513e-01 -9.138808661882021414e-03
1.672876231865258120e-02 -1.202471378319311529e-01 4.366324436597866093e-02 7.363486260927681187e-03 1.407186523856524159e-02 -1.741807086862746656e-01 -1.018965441497996470e-02
1.875319617920898768e-02 -1.335543200940383923e-01 4.836436863891332288e-02 8.192143856159343762e-03 1.562878174571679518e-02 -1.931125807875710143e-01 -1.124048790527639244e-02
2.077760642045594144e-02 -1.468613470930645315e-01 5.306543806017904874e-02 9.020791783013126786e-03 1.718568008736371180e-02 -2.120442319970721745e-01 -1.229130913440592936e-02
2.280199304020506454e-02 -1.601682188158019549e-01 5.776645262524527508e-02 9.849430040652319349e-03 1.874256026196109010e-02 -2.309756622963441697e-01 -1.334211810140509269e-02
2.482635603564561574e-02 -1.734749352441533055e-01 6.246741232776218539e-02 1.067805862794539082e-02 2.029942226739170352e-02 -2.499068716597544204e-01 -1.439291480487030206e-02
2.685069540749291869e-02 -1.867814963843371090e-01 6.716831717010089686e-02 1.150667754526123535e-02 2.185626610438356002e-02 -2.688378600966082610e-01 -1.544369924539495433e-02
2.887501115662441040e-02 -2.000879022432390519e-01 7.186916715482281892e-02 1.233528679301508849e-02 2.341309177374261905e-02 -2.877686276170393076e-01 -1.649447142359829546e-02
3.089930328244520907e-02 -2.133941528172410562e-01 7.656996228068313481e-02 1.316388637097812113e-02 2.496989927504567400e-02 -3.066991742159888568e-01 -1.754523133921427960e-02
3.292357178362269321e-02 -2.267002480975414402e-01 8.127070254456761345e-02 1.399247627860272965e-02 2.652668860726289934e-02 -3.256294998809219354e-01 -1.859597899154503617e-02
3.234196637939976832e-02 -2.221261568886628568e-01 7.956841251995314113e-02 1.371673131402338479e-02 2.599129696530831299e-02 -3.188951003129364414e-01 -1.818408988528445042e-02
3.088926164262454505e-02 -2.117057626047908203e-01 7.578692038592706182e-02 1.307838486100574606e-02 2.477186129516589091e-02 -3.038069231569492379e-01 -1.730241353309363087e-02
2.964356389835895098e-02 -2.028132403991108612e-01 7.256441337087225774e-02 1.253315800258632609e-02 2.373123537181199422e-02 -2.909429271570319053e-01 -1.655267013355097433e-02
2.904845539476820851e-02 -1.984453002610895855e-01 7.096886619820558240e-02 1.226668082418721530e-02 2.322005380558447851e-02 -2.845909234265576182e-01 -1.617696292658092963e-02
2.873820922390167218e-02 -1.960663312522666624e-01 7.008937336542446495e-02 1.212264980423315847e-02 2.294161415543534421e-02 -2.811037885242126944e-01 -1.596618113525447372e-02
2.745051040649283680e-02 -1.870627283296333321e-01 6.684659935828157762e-02 1.156850860876289938e-02 2.188804277303545848e-02 -2.681316169579646691e-01 -1.521880165208108586e-02
2.576101009125907754e-02 -1.753730459958754706e-01 6.264972857149363195e-02 1.084764508450923766e-02 2.052019108036670647e-02 -2.513244381088354795e-01 -1.425627773233623108e-02
2.412507298655421420e-02 -1.640934915233931424e-01 5.860442132159334599e-02 1.015161829523811982e-02 1.920034147779286354e-02 -2.351182778070968205e-01 -1.333005760030447732e-02
2.244647283694389470e-02 -1.525606329455345134e-01 5.447274768162344710e-02 9.439489487240378812e-03 1.785086409919526759e-02 -2.185599447747744728e-01 -1.238566578345054285e-02
2.063511294813565392e-02 -1.401574836336577923e-01 5.003389350441297956e-02 8.673137639015717978e-03 1.639956499398251277e-02 -2.007641840765447827e-01 -1.137270979107868688e-02
1.936348991332087141e-02 -1.314446996273935797e-01 4.691515100729164861e-02 8.134865163964099047e-03 1.538007589030496169e-02 -1.882616983803669652e-01 -1.066079064235596688e-02
1.800723899446662543e-02 -1.221756306853869350e-01 4.359988552584504601e-02 7.561952037052023165e-03 1.429550244428341374e-02 -1.749677963071985809e-01 -9.904943009773689924e-03
1.657355761369306082e-02 -1.123975876620573605e-01 4.010481092324669899e-02 6.957344372279464055e-03 1.315137994125058739e-02 -1.609497861420411402e-01 -9.108902917752471559e-03
1.499758734570650308e-02 -1.016694530344976061e-01 3.627239022404363245e-02 6.293752089202101115e-03 1.189609387006887106e-02 -1.455756312507895667e-01 -8.236838697883254456e-03
1.327240978522051945e-02 -8.994361768188319228e-02 3.208555897975017696e-02 5.568236309554041967e-03 1.052407339247063076e-02 -1.287769547189749897e-01 -7.284846867990421929e-03
1.148742388164361757e-02 -7.782464381858977820e-02 2.775984072197198310e-02 4.818239237305108925e-03 9.106056412408258111e-03 -1.114189672373469414e-01 -6.301809835160569404e-03
9.651173683988760466e-03 -6.536869408899985412e-02 2.331507645263531867e-02 4.047258199969696810e-03 7.648613858805171362e-03 -9.358157037016419377e-02 -5.292162628384682391e-03
7.772203241268964974e-03 -5.263193113749638219e-02 1.877110717366669429e-02 3.258790525062233833e-03 6.158316660584845989e-03 -7.534466568168604605e-02 -4.260340276653779359e-03
5.859056602497209748e-03 -3.967051760846199149e-02 1.414777388699247490e-02 2.456333540097124790e-03 4.641735746670726248e-03 -5.678815473617156856e-02 -3.210777808958860131e-03
3.920277816686450027e-03 -2.654061614627915844e-02 9.464917594538968179e-03 1.643384572588766886e-03 3.105442045986227771e-03 -3.799193909787947077e-02 -2.147910254290910648e-03
1.964410932849736460e-03 -1.329838939533105856e-02 4.742379298232723799e-03 8.234409500515962486e-04 1.556006487454851626e-03 -1.903592033106944401e-02 -1.076172641640966944e-03
5.092680672564186751e-18 -3.447498005621700688e-17 1.229414715225024109e-17 2.134711407251219872e-18 4.033818543649090873e-18 -4.934884429458361963e-17 -2.789841538776279202e-18
