-1.456028390232128322e-01 9.368505524478321078e-01 -3.286405487490208222e-01 -5.858400949293325610e-02 -1.096036087073450765e-01 1.326724088821389369e+00 7.261480614003056056e-02
-1.357277804708575397e-01 8.719387757373566750e-01 -3.057086747086552592e-01 -5.454186110063475451e-02 -1.020090469528682209e-01 1.234375294440212212e+00 6.748887920527470163e-02
-1.415234504076174904e-01 9.086285238115932028e-01 -3.185085410736010481e-01 -5.684361326692816824e-02 -1.063012488017041901e-01 1.286148007648785230e+00 7.029122890510325350e-02
-1.302254045565057194e-01 8.343630168615446818e-01 -2.922722040446753544e-01 -5.221899482734494724e-02 -9.761231734208114519e-02 1.180491832783413964e+00 6.442666038317712562e-02
-1.352396517051450975e-01 8.657827648845999313e-01 -3.031949488923346148e-01 -5.419419209775081653e-02 -1.012878975325613579e-01 1.224726685296652740e+00 6.680384341304045070e-02
-1.405541122803299070e-01 8.990262269524414984e-01 -3.147447579637762671e-01 -5.628476632550233338e-02 -1.051768029344116590e-01 1.271510875804718443e+00 6.931493927596386884e-02
1.221868036464838214e-01 -8.049802464998392360e-01 2.845894954811996058e-01 5.010536515005419023e-02 9.418180561265426798e-02 -1.145777248704308526e+00 -6.368944236986880114e-02
1.232530664895772760e-01 -8.119891179124600900e-01 2.870655724666782427e-01 5.054181751275435563e-02 9.500183102976390848e-02 -1.155748641535153221e+00 -6.424291609338800280e-02
1.426178336404335389e-01 -9.374705904899794939e-01 3.311873220409591312e-01 5.837762317118477123e-02 1.096823820465999133e-01 -1.333722217860478398e+00 -7.402979850278182394e-02
1.426178336404335389e-01 -9.374705904899794939e-01 3.311873220409591312e-01 5.837762317118477123e-02 1.096823820465999133e-01 -1.333722217860478398e+00 -7.402979850278182394e-02
1.426178336404335389e-01 -9.374705904899794939e-01 3.311873220409591312e-01 5.837762317118477123e-02 1.096823820465999133e-01 -1.333722217860478398e+00 -7.402979850278182394e-02
1.426178336404335389e-01 -9.374705904899794939e-01 3.311873220409591312e-01 5.837762317118477123e-02 1.096823820465999133e-01 -1.333722217860478398e+00 -7.402979850278182394e-02
1.426178336404335389e-01 -9.374705904899794939e-01 3.311873220409591312e-01 5.837762317118477123e-02 1.096823820465999133e-01 -1.333722217860478398e+00 -7.402979850278182394e-02
1.426178336404335389e-01 -9.374705904899794939e-01 3.311873220409591312e-01 5.837762317118477123e-02 1.096823820465999133e-01 -1.333722217860478398e+00 -7.402979850278182394e-02
1.426178336404335389e-01 -9.374705904899794939e-01 3.311873220409591312e-01 5.837762317118477123e-02 1.096823820465999133e-01 -1.333722217860478398e+00 -7.402979850278182394e-02
1.426178336404335389e-01 -9.374705904899794939e-01 3.311873220409591312e-01 5.837762317118477123e-02 1.096823820465999133e-01 -1.333722217860478398e+00 -7.402979850278182394e-02
1.426178336404335389e-01 -9.374705904899794939e-01 3.311873220409591312e-01 5.837762317118477123e-02 1.096823820465999133e-01 -1.333722217860478398e+00 -7.402979850278182394e-02
1.426178336404335389e-01 -9.374705904899794939e-01 3.311873220409591312e-01 5.837762317118477123e-02 1.096823820465999133e-01 -1.333722217860478398e+00 -7.402979850278182394e-02
1.426178336404335389e-01 -9.374705904899794939e-01 3.311873220409591312e-01 5.837762317118477123e-02 1.096823820465999133e-01 -1.333722217860478398e+00 -7.402979850278182394e-02
1.426178336404335389e-01 -9.374705904899794939e-01 3.311873220409591312e-01 5.837762317118477123e-02 1.096823820465999133e-01 -1.333722217860478398e+00 -7.402979850278182394e-02
1.426178336404335389e-01 -9.374705904899794939e-01 3.311873220409591312e-01 5.837762317118477123e-02 1.096823820465999133e-01 -1.333722217860478398e+00 -7.402979850278182394e-02
1.426178336404335389e-01 -9.374705904899794939e-01 3.311873220409591312e-01 5.837762317118477123e-02 1.096823820465999133e-01 -1.333722217860478398e+00 -7.402979850278182394e-02
1.426178336404335389e-01 -9.374705904899794939e-01 3.311873220409591312e-01 5.837762317118477123e-02 1.096823820465999133e-01 -1.333722217860478398e+00 -7.402979850278182394e-02
1.426178336404335389e-01 -9.374705904899794939e-01 3.311873220409591312e-01 5.837762317118477123e-02 1.096823820465999133e-01 -1.333722217860478398e+00 -7.402979850278182394e-02
1.426178336404335667e-01 -9.374705904899796050e-01 3.311873220409591312e-01 5.837762317118477817e-02 1.096823820465999411e-01 -1.333722217860478398e+00 -7.402979850278182394e-02
1.426178336404335667e-01 -9.374705904899796050e-01 3.311873220409591312e-01 5.837762317118477817e-02 1.096823820465999411e-01 -1.333722217860478398e+00 -7.402979850278182394e-02
1.426178336404335667e-01 -9.374705904899796050e-01 3.311873220409591312e-01 5.837762317118477817e-02 1.096823820465999411e-01 -1.333722217860478398e+00 -7.402979850278182394e-02
1.426178336404335667e-01 -9.374705904899796050e-01 3.311873220409591312e-01 5.837762317118477817e-02 1.096823820465999411e-01 -1.333722217860478398e+00 -7.402979850278182394e-02
1.426178336404335667e-01 -9.374705904899796050e-01 3.311873220409591312e-01 5.837762317118477817e-02 1.096823820465999411e-01 -1.333722217860478398e+00 -7.402979850278182394e-02
1.426178336404335667e-01 -9.374705904899796050e-01 3.311873220409591312e-01 5.837762317118477817e-02 1.096823820465999411e-01 -1.333722217860478398e+00 -7.402979850278182394e-02
1.426178336404335667e-01 -9.374705904899796050e-01 3.311873220409591312e-01 5.837762317118477817e-02 1.096823820465999411e-01 -1.333722217860478398e+00 -7.402979850278182394e-02
1.426178336404335667e-01 -9.374705904899796050e-01 3.311873220409591312e-01 5.837762317118477817e-02 1.096823820465999411e-01 -1.333722217860478398e+00 -7.402979850278182394e-02
1.426178336404335667e-01 -9.374705904899796050e-01 3.311873220409591312e-01 5.837762317118477817e-02 1.096823820465999411e-01 -1.333722217860478398e+00 -7.402979850278182394e-02
1.426178336404335667e-01 -9.374705904899796050e-01 3.311873220409591312e-01 5.837762317118477817e-02 1.096823820465999411e-01 -1.333722217860478398e+00 -7.402979850278182394e-02
1.426178336404335667e-01 -9.374705904899796050e-01 3.311873220409591312e-01 5.837762317118477817e-02 1.096823820465999411e-01 -1.333722217860478398e+00 -7.402979850278182394e-02
1.426178336404335667e-01 -9.374705904899796050e-01 3.311873220409591312e-01 5.837762317118477817e-02 1.096823820465999411e-01 -1.333722217860478398e+00 -7.402979850278182394e-02
1.426178336404335667e-01 -9.374705904899796050e-01 3.311873220409591312e-01 5.837762317118477817e-02 1.096823820465999411e-01 -1.333722217860478398e+00 -7.402979850278182394e-02
1.426178336404335667e-01 -9.374705904899796050e-01 3.311873220409591312e-01 5.837762317118477817e-02 1.096823820465999411e-01 -1.333722217860478398e+00 -7.402979850278182394e-02
1.426178336404335667e-01 -9.374705904899796050e-01 3.311873220409591312e-01 5.837762317118477817e-02 1.096823820465999411e-01 -1.333722217860478398e+00 -7.402979850278182394e-02
1.426178336404335667e-01 -9.374705904899796050e-01 3.311873220409591312e-01 5.837762317118477817e-02 1.096823820465999411e-01 -1.333722217860478398e+00 -7.402979850278182394e-02
1.426178336404335667e-01 -9.374705904899796050e-01 3.311873220409591312e-01 5.837762317118477817e-02 1.096823820465999411e-01 -1.333722217860478398e+00 -7.402979850278182394e-02
1.426178336404335667e-01 -9.374705904899796050e-01 3.311873220409591312e-01 5.837762317118477817e-02 1.096823820465999411e-01 -1.333722217860478398e+00 -7.402979850278182394e-02
1.426178336404335667e-01 -9.374705904899796050e-01 3.311873220409591312e-01 5.837762317118477817e-02 1.096823820465999411e-01 -1.333722217860478398e+00 -7.402979850278182394e-02
1.426178336404335667e-01 -9.374705904899796050e-01 3.311873220409591312e-01 5.837762317118477817e-02 1.096823820465999411e-01 -1.333722217860478398e+00 -7.402979850278182394e-02
1.426178336404335667e-01 -9.374705904899796050e-01 3.311873220409591312e-01 5.837762317118477817e-02 1.096823820465999411e-01 -1.333722217860478398e+00 -7.402979850278182394e-02
1.426178336404335667e-01 -9.374705904899796050e-01 3.311873220409591312e-01 5.837762317118477817e-02 1.096823820465999411e-01 -1.333722217860478398e+00 -7.402979850278182394e-02
1.426178336404335667e-01 -9.374705904899796050e-01 3.311873220409591312e-01 5.837762317118477817e-02 1.096823820465999411e-01 -1.333722217860478398e+00 -7.402979850278182394e-02
1.426178336404335667e-01 -9.374705904899796050e-01 3.311873220409591312e-01 5.837762317118477817e-02 1.096823820465999411e-01 -1.333722217860478398e+00 -7.402979850278182394e-02
1.426178336404335667e-01 -9.374705904899796050e-01 3.311873220409591312e-01 5.837762317118477817e-02 1.096823820465999411e-01 -1.333722217860478398e+00 -7.402979850278182394e-02
1.426178336404335667e-01 -9.374705904899796050e-01 3.311873220409591312e-01 5.837762317118477817e-02 1.096823820465999411e-01 -1.333722217860478398e+00 -7.402979850278182394e-02
1.426178336404335667e-01 -9.374705904899796050e-01 3.311873220409591312e-01 5.837762317118477817e-02 1.096823820465999411e-01 -1.333722217860478398e+00 -7.402979850278182394e-02
1.426178336404335667e-01 -9.374705904899796050e-01 3.311873220409591312e-01 5.837762317118477817e-02 1.096823820465999411e-01 -1.333722217860478398e+00 -7.402979850278182394e-02
1.426178336404335667e-01 -9.374705904899796050e-01 3.311873220409591312e-01 5.837762317118477817e-02 1.096823820465999411e-01 -1.333722217860478398e+00 -7.402979850278182394e-02
1.426178336404335667e-01 -9.374705904899796050e-01 3.311873220409591312e-01 5.837762317118477817e-02 1.096823820465999411e-01 -1.333722217860478398e+00 -7.402979850278182394e-02
1.426178336404335667e-01 -9.374705904899796050e-01 3.311873220409591312e-01 5.837762317118477817e-02 1.096823820465999411e-01 -1.333722217860478398e+00 -7.402979850278182394e-02
1.426178336404335667e-01 -9.374705904899796050e-01 3.311873220409591312e-01 5.837762317118477817e-02 1.096823820465999411e-01 -1.333722217860478398e+00 -7.402979850278182394e-02
1.426178336404335667e-01 -9.374705904899796050e-01 3.311873220409591312e-01 5.837762317118477817e-02 1.096823820465999411e-01 -1.333722217860478398e+00 -7.402979850278182394e-02
1.426178336404335667e-01 -9.374705904899796050e-01 3.311873220409591312e-01 5.837762317118477817e-02 1.096823820465999411e-01 -1.333722217860478398e+00 -7.402979850278182394e-02
1.426178336404335667e-01 -9.374705904899794939e-01 3.311873220409590757e-01 5.837762317118477123e-02 1.096823820465999272e-01 -1.333722217860478176e+00 -7.402979850278179619e-02
1.426178336404335389e-01 -9.374705904899793829e-01 3.311873220409590202e-01 5.837762317118476429e-02 1.096823820465999133e-01 -1.333722217860477954e+00 -7.402979850278178231e-02
1.426179412912578215e-01 -9.374688100111850941e-01 3.311864069101418395e-01 5.837754241362192592e-02 1.096821729679658963e-01 -1.333718933017000730e+00 -7.402948998836553218e-02
1.426164718009876597e-01 -9.374591506027077914e-01 3.311829944578915663e-01 5.837694090855728019e-02 1.096810428344537763e-01 -1.333705190753692982e+00 -7.402872720810289853e-02
1.426148452818844503e-01 -9.374482010073357241e-01 3.311790965433072387e-01 5.837626218435516823e-02 1.096797616719779878e-01 -1.333689535012982486e+00 -7.402784513403598554e-02
1.426131936052394134e-01 -9.374372995139726994e-01 3.311752401708196181e-01 5.837558387174070912e-02 1.096784862030541624e-01 -1.333674012206948145e+00 -7.402698126492036901e-02
1.426115352347162302e-01 -9.374263845420252039e-01 3.311713825466689465e-01 5.837490435036074565e-02 1.096772091665543791e-01 -1.333658479447612955e+00 -7.402611839129134841e-02
1.426098788408020901e-01 -9.374154965587967459e-01 3.311675360665293222e-01 5.837422634020399820e-02 1.096759352919941394e-01 -1.333642989313536420e+00 -7.402525859343456194e-02
1.426082144243496219e-01 -9.374045500367937933e-01 3.311636682384828667e-01 5.837354475500714651e-02 1.096746545667155875e-01 -1.333627414143664591e+00 -7.402439378120524716e-02
1.426065505116313192e-01 -9.373936097895052555e-01 3.311598029679518329e-01 5.837286352467596640e-02 1.096733745764795209e-01 -1.333611848796150801e+00 -7.402352966447363347e-02
1.426048866904670864e-01 -9.373826714302442298e-01 3.311559385123312160e-01 5.837218239634690831e-02 1.096720948075351754e-01 -1.333596286523334173e+00 -7.402266578363769778e-02
1.426032242986738641e-01 -9.373717440211241092e-01 3.311520781039087313e-01 5.837150193108396612e-02 1.096708163202161634e-01 -1.333580740298764500e+00 -7.402180287241302836e-02
1.426015599233678433e-01 -9.373608026515831693e-01 3.311482126575330809e-01 5.837082060764774150e-02 1.096695361992690576e-01 -1.333565173934318615e+00 -7.402093879653207087e-02
1.425998957089235908e-01 -9.373498626799082745e-01 3.311443477441459171e-01 5.837013936713761342e-02 1.096682562419745571e-01 -1.333549609661466073e+00 -7.402007485401465581e-02
1.425982315701245784e-01 -9.373389234020941263e-01 3.311404830984953085e-01 5.836945816745532645e-02 1.096669763659210428e-01 -1.333534046435166154e+00 -7.401921097955913020e-02
1.425965680885805664e-01 -9.373279888297091356e-01 3.311366201594520553e-01 5.836877725612572149e-02 1.096656970405128356e-01 -1.333518490019550917e+00 -7.401834750266865492e-02
1.425949038362020749e-01 -9.373170489253227489e-01 3.311327553062496931e-01 5.836809601597318931e-02 1.096644170911884320e-01 -1.333502925938103045e+00 -7.401748358683404860e-02
1.425932396469426489e-01 -9.373061095124795017e-01 3.311288906355122075e-01 5.836741480550208111e-02 1.096631371993972842e-01 -1.333487362579122149e+00 -7.401661971498778303e-02
1.425915754965448312e-01 -9.372951704058949396e-01 3.311250260788120570e-01 5.836673361348716088e-02 1.096618573434535032e-01 -1.333471799671202440e+00 -7.401575587075497065e-02
1.425899116917792864e-01 -9.372842337088758136e-01 3.311211623891833766e-01 5.836605256985359647e-02 1.096605777694669298e-01 -1.333456240232909318e+00 -7.401489222608727270e-02
-1.065210953483698431e-01 7.677069789909596320e-01 -2.789773374278617379e-01 -4.698906190443772474e-02 -8.984112215356465647e-02 1.112601427331881609e+00 6.518010361631937366e-02
-7.574595758724474159e-02 5.475035225095542524e-01 -1.991248826904139513e-01 -3.349344755101099635e-02 -6.407219952168272115e-02 7.939107137010715798e-01 4.658253753927483337e-02
-9.941518948764331565e-02 7.030886147782687834e-01 -2.540896043368172097e-01 -4.318195189413907842e-02 -8.227537699101902802e-02 1.015258771369954127e+00 5.886871819126695410e-02
-1.677897379864247418e-02 1.342167997170355398e-01 -5.016694551906783484e-02 -8.068306368210896584e-03 -1.571048875587875704e-02 1.981763489190144778e-01 1.221330029908941628e-02
-2.685112793399434261e-02 2.004241459075571385e-01 -7.355651518313274795e-02 -1.219113170938170010e-02 -2.345662982187726037e-02 2.923683262414460415e-01 1.744153524065326921e-02
-1.114161326998685947e-01 7.735152832336360529e-01 -2.779969715749746051e-01 -4.766990853021884494e-02 -9.051256759943840380e-02 1.112897522712243514e+00 6.385925752679436074e-02
-1.263727829054276386e-01 8.718299143148239283e-01 -3.127293244781257364e-01 -5.379210003541783081e-02 -1.020152035609371011e-01 1.252767945468869604e+00 7.162292755831146940e-02
-1.128472062968666617e-01 7.769224827224001650e-01 -2.785107045030705830e-01 -4.795469842677672900e-02 -9.090935723125487256e-02 1.115932055700394665e+00 6.372341554688976117e-02
-1.234682714469935993e-01 8.467379887062127519e-01 -3.031749560521549425e-01 -5.230220899529325340e-02 -9.907764653843295632e-02 1.215257295794716530e+00 6.923657819197073793e-02
-8.642430699728537169e-02 5.930305745357512537e-01 -2.123721325496144563e-01 -3.662702094516302742e-02 -6.939119164668414164e-02 8.512285928824573356e-01 4.851313399473164423e-02
-9.263904372447928637e-02 6.338819376553944673e-01 -2.268040024029888135e-01 -3.917089326118024240e-02 -7.417072805269687985e-02 9.093470780650989571e-01 5.173906791840866826e-02
-9.834678952064557222e-02 6.714006944988699654e-01 -2.400585372453054311e-01 -4.150723945814729920e-02 -7.856035548609588415e-02 9.627243254115938065e-01 5.470183393728255544e-02
-1.035475443857841321e-01 7.055868450661775260e-01 -2.521357370765641148e-01 -4.363605953606416316e-02 -8.256007394688109902e-02 1.011360334921941107e+00 5.740143205135331272e-02
-1.192155053619507882e-01 8.108100286776138699e-01 -2.895655053073538099e-01 -5.016143004161173480e-02 -9.487168544574596518e-02 1.161734104651252819e+00 6.586134474195905197e-02
-1.237293666704460116e-01 8.404810180500477124e-01 -3.000476000122406228e-01 -5.200908462861574683e-02 -9.834313812390087228e-02 1.203946477128168491e+00 6.820439143259862669e-02
-1.276413798044750691e-01 8.661958755061566206e-01 -3.091320820898091348e-01 -5.361038527068587300e-02 -1.013517304449684242e-01 1.240530533274828207e+00 7.023503189781954426e-02
-1.309515447640383634e-01 8.879546010459423711e-01 -3.168189515400597345e-01 -5.496533196782218966e-02 -1.038974624089487875e-01 1.271486273091235075e+00 7.195326613762197121e-02
-1.336598615491354503e-01 9.057571946694025211e-01 -3.231082083629917001e-01 -5.607392472002457884e-02 -1.059803340158416846e-01 1.296813696577383768e+00 7.335909415200568551e-02
-1.357663301597665240e-01 9.196036563765387362e-01 -3.279998525586056979e-01 -5.693616352729313768e-02 -1.076003452656473652e-01 1.316512803733278281e+00 7.445251594097081205e-02
-1.372709505959316123e-01 9.294939861673499060e-01 -3.314938841269013947e-01 -5.755204838962783148e-02 -1.087574961583656769e-01 1.330583594558917282e+00 7.523353150451735083e-02
-1.381737228576306320e-01 9.354281840418366967e-01 -3.335903030678786796e-01 -5.792157930702863250e-02 -1.094517866939966194e-01 1.339026069054300327e+00 7.570214084264527410e-02
-1.384746469448636941e-01 9.374062499999989972e-01 -3.342891093815379411e-01 -5.804475627949557542e-02 -1.096832168725403039e-01 1.341840227219428083e+00 7.585834395535456798e-02
