2.276722796782311153e+00 -1.482845599832304195e+01 5.222790033569882695e+00 9.250488760269579558e-01 1.734860616008066847e+00 -2.105473551610511151e+01 -1.161712460511002964e+00
-3.709174031239622638e-01 2.344807358865434121e+00 -8.176331732189833224e-01 -1.471443179327407424e-01 -2.743095358436560272e-01 3.307709570951975042e+00 1.788641604330182544e-01
6.901089826989445508e-02 -5.147056624650470091e-01 1.888575969153993006e-01 3.131220284606234250e-02 6.023844001504236045e-02 -7.507166341212072602e-01 -4.476689712971797241e-02
1.257646247647427717e+00 -8.226564818926544120e+00 2.901623063257213975e+00 5.127679807053683314e-01 9.624809549050603596e-01 -1.169159759875359228e+01 -6.469104186720632255e-01
-3.771691716477849177e+00 2.436671849554862135e+01 -8.559252719134603282e+00 -1.522503456103294184e+00 -2.850731430749755102e+00 3.453743755109982772e+01 1.895447703897147784e+00
1.164643865609650852e+01 -7.557555786473966464e+01 2.658644540977823567e+01 4.718059356045534614e+00 8.841903430984427104e+00 -1.072238370718540494e+02 -5.901880098077674219e+00
1.158578029654968766e+01 -7.513327216581132006e+01 2.642518649312180301e+01 4.691044835423680226e+00 8.790143388368022670e+00 -1.065814435699771394e+02 -5.864014144341174628e+00
-2.241330152030337253e+00 1.453366250417182215e+01 -5.111499320930636081e+00 -9.074438774833870625e-01 -1.700351176683316368e+00 2.061656031994445115e+01 1.134239227982531517e+00
1.697064035612659172e+00 -1.099948678386564360e+01 3.867951229437524230e+00 6.868398138041807988e-01 1.286872313488324204e+00 -1.560168243789394538e+01 -8.580862934956513532e-01
-4.547269378463145162e-01 2.947303600893609321e+00 -1.036414408290753819e+00 -1.840381734383730872e-01 -3.448163971611673539e-01 4.180458209800516300e+00 2.299235293783753464e-01
1.218437157725971998e-01 -7.897276197087819138e-01 2.777064037254871054e-01 4.931287994931092544e-02 9.239327515634399024e-02 -1.120150401308104060e+00 -6.160782401784913043e-02
-3.264792524407467145e-02 2.116068779415208878e-01 -7.441120661119560165e-02 -1.321334635887076552e-02 -2.475670346420888457e-02 3.001433954319045472e-01 1.650776669302140079e-02
8.747985203701480819e-03 -5.669989205730172760e-02 1.993842271929529425e-02 3.540505486172140955e-03 6.633538700491554974e-03 -8.042318041951403151e-02 -4.423242754236474464e-03
-2.344015570731220605e-03 1.519269028768581442e-02 -5.342484265985519842e-03 -9.486755858177837748e-04 -1.777451337757309955e-03 2.154932624615124928e-02 1.185204323924477334e-03
6.280770792234082129e-04 -4.070869093441578657e-03 1.431514344646800515e-03 2.541968570989976139e-04 4.762666505376903230e-04 -5.774124565091028928e-03 -3.175745414614387203e-04
-1.682927461624103224e-04 1.090786086080486762e-03 -3.835731126016776651e-04 -6.811184257820582721e-05 -1.276152643934497103e-04 1.547172014212847349e-03 8.509384192127651724e-05
4.509390542623365947e-05 -2.922752508803710459e-04 1.027781057599116223e-04 1.825051321382598288e-05 3.419440703610893823e-05 -4.145634917603659435e-04 -2.280082622366765702e-05
-1.208287554252430532e-05 7.831491744099750344e-05 -2.753931043796884430e-05 -4.890210277098100079e-06 -9.162363750986064664e-06 1.110819528286164385e-04 6.109462973394113373e-06
3.237596743863565201e-06 -2.098441888361899155e-05 7.379135991963746473e-06 1.310327894566416376e-06 2.455047967835321275e-06 -2.976431955409986792e-05 -1.637025669908799861e-06
-8.675114329299438380e-07 5.622758093478386529e-06 -1.977233529886117027e-06 -3.511013011675618792e-07 -6.578281203552124957e-07 7.975325387782931594e-06 4.386397062410804607e-07
2.324489878562108652e-07 -1.506613490294557107e-06 5.297981275807223752e-07 9.407731010383114047e-08 1.762645135855290253e-07 -2.136981997031863533e-06 -1.175331550555222197e-07
-6.228451849490114480e-08 4.036958676998523282e-07 -1.419589804367757299e-07 -2.520793924776327496e-08 -4.722993398690472393e-08 5.726026003445367265e-07 3.149291398100916585e-08
1.668908612339329049e-08 -1.081699805048495719e-07 3.803779416637959815e-08 6.754446887221771615e-09 1.265522236208955772e-08 -1.534284043462795085e-07 -8.438500868514218717e-09
-4.471825998672010559e-09 2.898405431954600236e-08 -1.019219622874266766e-08 -1.809848301123813563e-09 -3.390955461453505729e-09 4.111101704058128775e-08 2.261089493047709018e-09
1.198223736655273828e-09 -7.766260234776590441e-09 2.730990748591137013e-09 4.849477836136180197e-10 9.086053490849814865e-10 -1.101566381604589888e-08 -6.058571036766313148e-10
-3.210630825885822094e-10 2.080963158118328542e-09 -7.317667656218627106e-10 -1.299413669905317417e-10 -2.434600695259190679e-10 2.951638223602238687e-09 1.623389216588125703e-10
8.602859369905520301e-11 -5.575923976967239334e-10 1.960763138963139584e-10 3.481768434850888902e-11 6.523492901869488852e-11 -7.908890783630562848e-10 -4.349858295861897915e-11
-2.305129220763850251e-11 1.494064326685664161e-10 -5.253848996339314888e-11 -9.329370403503814380e-12 -1.747964654886043771e-11 2.119180898499856254e-10 1.165541017566332374e-11
6.176575131498989582e-12 -4.003333297754294579e-11 1.407764595725900059e-11 2.499797265506432714e-12 4.683657176746998832e-12 -5.678328103688774190e-11 -3.123057744034387293e-12
-1.655008318357410783e-12 1.072689924160509566e-11 -3.772093865642751713e-12 -6.698186585218997163e-13 -1.254982158127521471e-12 1.521503429756497708e-11 8.368208004742045305e-13
4.434581419306534511e-13 -2.874263988877437264e-12 1.010729505312006461e-12 1.794773685811662264e-13 3.362714557630872031e-13 -4.076856153372161566e-12 -2.242254578624313340e-13
-1.188242493652058735e-13 7.701567139046721755e-13 -2.708241556052809481e-13 -4.809081580276634421e-14 -9.010366492482967663e-14 1.092390315923696851e-12 6.008103097552228213e-14
3.183885553016926672e-14 -2.063628667412461371e-13 7.256711710911552623e-14 1.288589462989882857e-14 2.414320393623085968e-14 -2.927051103226185700e-13 -1.609866603965736228e-14
-8.531172755471164963e-15 5.529475306031231603e-14 -1.944431283118112840e-14 -3.452762716828965751e-15 -6.469150820093762098e-15 7.843012536677727714e-14 4.313633183107164609e-15
2.285835491715449142e-15 -1.481614550000347413e-14 5.210134215609112784e-15 9.251562374170588849e-16 1.733399344144235450e-15 -2.101539114449107495e-14 -1.155866692771323570e-15
-6.121692113906174046e-16 3.969828939701486606e-15 -1.396224031255288622e-15 -2.478622328392638720e-16 -4.644465564831666868e-16 5.631439211186875153e-15 3.098335879781219807e-16
1.628413538470247166e-16 -1.063170258802498329e-15 3.747619094120502339e-16 6.629269393999836589e-17 1.243868817884347727e-16 -1.510365700256463130e-15 -8.346765914116657114e-17
-3.919620399748030955e-17 2.828520955084995112e-16 -1.028236063929101441e-16 -1.730854292072916318e-17 -3.310097067057151653e-17 4.100235898389674067e-16 2.403704858654373076e-17
-6.056537857103459207e-18 -6.823812323149970374e-17 3.653251615959032384e-17 2.941477742918274499e-18 8.017000893851299598e-18 -1.297286590994066944e-16 -1.268053520500836114e-17
6.342235542589415562e-17 -9.899602582500705515e-18 -4.330645824545112048e-17 5.542631949056064409e-18 1.032967095166313709e-18 1.088910465586593462e-16 2.668509223348970765e-17
-2.476328838464731194e-16 1.078365335615025135e-16 1.366933168222141642e-16 -2.511200553914252906e-17 -1.214886927451655366e-17 -3.058355271352306410e-16 -9.405983372895046637e-17
9.271091799599983834e-16 -4.214465316635093576e-16 -5.034668090434055303e-16 9.490539020751404180e-17 4.756251000289989652e-17 1.114451061982263292e-15 3.495542426823121702e-16
-3.460803835993507842e-15 1.577949593092529013e-15 1.877173919351401104e-15 -3.545095552909123254e-16 -1.781011707370823791e-16 -4.151968720793806798e-15 -1.304157137000293493e-15
1.291610616401407834e-14 -5.890351840706628092e-15 -7.005228868362225213e-15 1.323132830956140190e-15 6.648421729454320605e-16 1.549342382119302050e-14 4.867074305318880095e-15
-4.820362082006280001e-14 2.198345776973398552e-14 2.614374155409750093e-14 -4.938021768533647400e-15 -2.481267521044646134e-15 -5.782172656397827442e-14 -1.816414008427522630e-14
1.798983771162371059e-13 -8.204347923822929902e-14 -9.756973734802777141e-14 1.842895424317844902e-14 9.260227911233150307e-15 2.157934824347200645e-13 6.778948603178201799e-14
-6.713898876448856174e-13 3.061904591831832011e-13 3.641352078380136163e-13 -6.877779520418014630e-14 -3.455964412388795549e-14 -8.053522031749019080e-13 -2.529938040428528046e-13
2.505661173463305136e-12 -1.142718357494503392e-12 -1.358971094004026681e-12 2.566822265735421804e-13 1.289783485843186795e-13 3.005615330264887467e-12 9.441857301396291753e-13
-9.351254806208301606e-12 4.264682970794814563e-12 5.071749168178074276e-12 -9.579511110899850284e-13 -4.813537502133850398e-13 -1.121710911788460565e-11 -3.523749116515650568e-12
3.489935805137002407e-11 -1.591601352568481201e-11 -1.892802557870833909e-11 3.575122217786411009e-12 1.796436652269228093e-12 4.186282114127368377e-11 1.315081073592302156e-11
-1.302461773992717834e-10 5.939937113194443430e-11 7.064035314665528853e-11 -1.334253776005565881e-11 -6.704392858863527333e-12 -1.562341754472101569e-10 -4.907949382717643610e-11
4.860853515457170384e-10 -2.216814710020929026e-10 -2.636333870079128312e-10 4.979502882243622543e-11 2.502113478318487902e-11 5.830738806475668727e-10 1.831671645727827309e-10
-1.814095228783596396e-09 8.273265128764271501e-10 9.838931948849959070e-10 -1.858375775296892332e-10 -9.338014627387599682e-11 -2.176061347143057592e-09 -6.835891644639545133e-10
6.770295563588667822e-09 -3.087624580503615956e-09 -3.671939392532071003e-09 6.935552812963207462e-10 3.484994503123190663e-10 8.121171507924663704e-09 2.551189493283035762e-09
-2.526708702557107613e-08 1.152317180913803481e-08 1.370386437524328790e-08 -2.588383547655593959e-09 -1.300617654975400268e-09 -3.030862468455559970e-08 -9.521168808668188327e-09
9.429805253869529094e-08 -4.300506265604836572e-08 -5.114351810844089324e-08 9.659978909326019726e-09 4.853971169589264688e-09 1.131133272302973232e-07 3.553348574138958561e-08
-3.519251231292113747e-07 1.604970788150560005e-07 1.908702080585209782e-07 -3.605153208964861771e-08 -1.811526702338172528e-08 -4.221446842366352150e-07 -1.326127741568906438e-07
1.313402439978150314e-06 -5.989832526041756031e-07 -7.123373141256430263e-07 1.345461494492684495e-07 6.760709692393763146e-08 1.575465409716243418e-06 4.949176108861730161e-07
-4.901684636783390039e-06 2.235435955063088604e-06 2.658479036713329872e-06 -5.021330671737653337e-07 -2.523131236050490415e-07 -5.879716907705454177e-06 -1.847057663522440727e-06
1.829333610129004804e-05 -8.342760520725294747e-06 -9.921578856189117437e-06 1.873986116313112512e-06 9.416453916308981189e-07 2.194340231495134206e-05 6.893313052001629741e-06
-4.552268491149182245e-05 4.073897370869468968e-04 -1.563593308369164950e-04 -2.405965162168086029e-05 -4.769715902090846196e-05 6.122654157120516628e-04 3.946965274382959366e-05
-1.239890721082652358e-04 7.962823284042736547e-04 -2.791540991976050904e-04 -4.981240257270720196e-05 -9.315784137875074498e-05 1.127195197754035259e-03 6.161608445239711641e-05
-1.127755563263368218e-04 7.626144435376803251e-04 -2.718647551666521635e-04 -4.723119704011367230e-05 -8.923108340177622144e-05 1.091395350344968309e-03 6.165972315128681808e-05
-1.176632000001491475e-04 7.708731082240287413e-04 -2.720374232594204977e-04 -4.803438425242126467e-05 -9.018998577794698284e-05 1.095932599169701684e-03 6.070102338056990079e-05
-1.160570431226913346e-04 7.641896470788158476e-04 -2.701218446238707466e-04 -4.757130206022041913e-05 -8.940922523277956791e-05 1.087594795511891924e-03 6.043471108025826505e-05
-1.185908891468341234e-04 7.798098399010234194e-04 -2.755210214702914534e-04 -4.855652768364910991e-05 -9.123644112264403321e-05 1.109504461683015041e-03 6.159831397125011042e-05
-1.113392990869612918e-04 7.306797468762227894e-04 -2.579961991881916852e-04 -4.551483705252412805e-05 -8.548785778262733435e-05 1.039165875105470607e-03 5.761988337158457924e-05
-1.394007011536857032e-04 9.226244657273758622e-04 -3.266671323596986084e-04 -5.737686727736227948e-05 -1.079473513826118518e-04 1.314504800410638569e-03 7.328267563893369678e-05
-3.428088551600957598e-05 2.022507173555246828e-04 -6.879555457826491054e-05 -1.287389084684313208e-05 -2.365586597772312695e-05 2.807622557809192243e-04 1.441311336679102597e-05
-4.263773412485546694e-04 2.889088006071293367e-03 -1.030583462599953199e-03 -1.788620906836405652e-04 -3.380447147357375725e-04 4.136352412440837817e-03 2.339738201909293382e-04
1.036771563758022170e-03 -7.137251262400994868e-03 2.558487223486376454e-03 4.405465018192691829e-04 8.351448090054143210e-04 -1.025140101877107697e-02 -5.853582275522630721e-04
-4.424112766582945569e-03 3.028392326549893265e-02 -1.083695961045478065e-02 -1.871263495050460874e-03 -3.543535075188959226e-03 4.344783654653207317e-02 2.472627191321004423e-03
1.595632562888057993e-02 -1.093748776052718280e-01 3.915592624994673754e-02 6.756594051840620653e-03 1.279804668922215720e-02 -1.569620234423816096e-01 -8.940025002030331513e-03
-6.010438874477426474e-02 4.118380103618060617e-01 -1.474197531356467861e-01 -2.544295657580623871e-02 -4.818946695282707443e-02 5.909765185417934497e-01 3.365249995534039945e-02
2.237580063525510254e-01 -1.533354608227301297e+00 5.488900346860955404e-01 9.472737983564119557e-02 1.794189903672154807e-01 -2.200367608694506316e+00 -1.253049389364852828e-01
-8.356310092188534711e-01 5.726204001056832027e+00 -2.049773803160176211e+00 -3.537544783976492302e-01 -6.700274449600184257e-01 8.217071825551665043e+00 4.679323751362504669e-01
3.118062679520170466e+00 -2.136683798608346407e+01 7.648571823060532182e+00 1.320002628296588876e+00 2.500149858762230615e+00 -3.066134203218873822e+01 -1.746059457393883463e+00
-1.163732297861252896e+01 7.974577077928036317e+01 -2.854614663664621332e+01 -4.926543904990640321e+00 -9.331112853640455285e+00 1.144348731359993678e+02 6.516670510646100922e+00
-9.211729375116869178e+00 6.268801910535393773e+01 -2.239196537897477057e+01 -3.877812071669057392e+00 -7.335043677911309068e+00 8.983064906680425565e+01 5.094508507156855437e+00
2.345093519752055933e+00 -1.672970313077196280e+01 6.061415606404379375e+00 1.025869681258918531e+00 1.957749979555394093e+00 -2.419827948128943973e+01 -1.409828631181762937e+00
1.332988700962899120e+00 -9.424480965381841102e+00 3.405625566559748130e+00 5.788590016966986829e-01 1.102851271548738854e+00 -1.360816446758715514e+01 -7.889278329651364663e-01
4.783965708377629689e+00 -3.290890136756854645e+01 1.179415385511400416e+01 2.031583014890043337e+00 3.850732704391738093e+00 -4.726077020959459674e+01 -2.697431957885839893e+00
-5.134477429818240957e+00 3.483608450210274299e+01 -1.243164869547317153e+01 -2.156152593063918044e+00 -4.076093698645602892e+00 4.988867544780384122e+01 2.824185367982514627e+00
-4.244958582507149636e+00 2.866232251000600328e+01 -1.021302911739228314e+01 -1.775657769871566760e+00 -3.353674041707494613e+00 4.100666901974156531e+01 2.314611401712689975e+00
1.083208260794992661e+00 -7.602643499452802267e+00 2.741316811607880766e+00 4.675887233024147993e-01 8.896441598670504769e-01 -1.096189583695425185e+01 -6.329171423765816984e-01
-3.902916274881433334e-01 2.468267298542333954e+00 -8.608011386151378508e-01 -1.548794604557275911e-01 -2.887529297963147279e-01 3.482177552280000032e+00 1.883507848490780234e-01
1.091745078908691324e+00 -7.572898655165461790e+00 2.720934866740646996e+00 4.667756981534461058e-01 8.861376398838678448e-01 -1.089363548300989493e+01 -6.247738379203839898e-01
1.607048138516974367e+00 -1.103705693115219333e+01 3.953589216656114402e+00 6.815627999965129247e-01 1.291461634073608256e+00 -1.584526974297716428e+01 -9.035207673299108233e-01
-1.005047188136937830e+00 6.739984925343377675e+00 -2.396438023809180695e+00 -4.180925347376635570e-01 -7.886072692497906322e-01 9.629191303845464844e+00 5.412500934804944652e-01
-1.063408393915767497e-01 6.384385286513634128e-01 -2.185802872042399703e-01 -4.048962524949588360e-02 -7.467752250215893561e-02 8.899926398653492665e-01 4.632811679963116241e-02
-8.747943515950163951e-01 5.859076993696931801e+00 -2.082390690922652166e+00 -3.635363080893118104e-01 -6.855350098121756330e-01 8.368471637135035834e+00 4.700188884885939666e-01
-8.044980755683969198e-01 5.385496462663623696e+00 -1.913762647277633233e+00 -3.341849898285090270e-01 -6.301233948384737937e-01 7.691242038367762213e+00 4.318451626210624283e-01
-1.720740278596869510e-01 1.105027757308094438e+00 -3.873837997128375954e-01 -6.912715913891054331e-02 -1.292782476661649416e-01 1.564226364411955172e+00 8.550217631955350783e-02
-2.877774636713714140e-01 1.898633935440182219e+00 -6.715479977436800141e-01 -1.181460860088385800e-01 -2.221389237828558794e-01 2.703262151600613006e+00 1.504019362649334501e-01
-2.030203894650081664e-01 1.332643438648090983e+00 -4.705777897747815963e-01 -8.300825030544899119e-02 -1.559163223047080604e-01 1.895361869999893978e+00 1.051093393329064901e-01
-1.719778718104289783e-01 1.130964758064938458e+00 -3.996021602091293645e-01 -7.042070733579314235e-02 -1.323210079168896380e-01 1.609154402411716367e+00 8.934342366360496779e-02
-1.265376379667207396e-01 8.316354875701246208e-01 -2.937826230302515995e-01 -5.178875600452064604e-02 -9.729982276259589724e-02 1.183111747562582972e+00 6.566313982079449718e-02
-8.497371232777577166e-02 5.585967605130331970e-01 -1.973441379010628938e-01 -3.478414538598786215e-02 -6.535483358388245734e-02 7.947170277451497400e-01 4.411364740931258965e-02
-4.230227005889915237e-02 2.780464496166456523e-01 -9.822535218625957909e-02 -1.731458027810126032e-02 -3.253093126929412771e-02 3.955657550615330198e-01 2.195535744602165884e-02
-1.845861049968935421e-04 1.251930639872444583e-03 -4.467167642967366818e-04 -7.749241489386422853e-05 -1.464855226524716940e-04 1.792758811047622490e-03 1.014662586321032629e-04
