0.000000000000000000e+00
1.419635279374485345e-02
2.839270558748970691e-02
4.258905838123455689e-02
5.678541117497941382e-02
7.098176396872427074e-02
8.517811676246911379e-02
9.937446955621397071e-02
1.135708223499588276e-01
1.277671751437036707e-01
1.419635279374485415e-01
1.561598807311933845e-01
1.703562335249382276e-01
1.845525863186830984e-01
1.987489391124279414e-01
2.129452919061728122e-01
2.271416446999176553e-01
2.413379974936624983e-01
2.555343502874073414e-01
2.697307030811522122e-01
2.839270558748970830e-01
2.981234086686418983e-01
3.123197614623867691e-01
3.265161142561316399e-01
3.407124670498764551e-01
3.549088198436213260e-01
3.691051726373661968e-01
3.833015254311110676e-01
3.974978782248558828e-01
4.116942310186007536e-01
4.258905838123456244e-01
4.400869366060904397e-01
4.542832893998353105e-01
4.684796421935801813e-01
4.826759949873249966e-01
4.968723477810698674e-01
5.110687005748146827e-01
5.252650533685595535e-01
5.394614061623044243e-01
5.536577589560492951e-01
5.678541117497941659e-01
5.820504645435390367e-01
5.962468173372837965e-01
6.104431701310286673e-01
6.246395229247735381e-01
6.388358757185184089e-01
6.530322285122632797e-01
6.672285813060081505e-01
6.814249340997529103e-01
6.956212868934977811e-01
7.098176396872426519e-01
7.240139924809875227e-01
7.382103452747323935e-01
7.524066980684772643e-01
7.666030508622221351e-01
7.807994036559668949e-01
7.949957564497117657e-01
8.091921092434566365e-01
8.233884620372015073e-01
8.375848148309463781e-01
8.517811676246912489e-01
8.659775204184360087e-01
8.801738732121808795e-01
8.943702260059257503e-01
9.085665787996706211e-01
9.227629315934154919e-01
9.369592843871603627e-01
9.511556371809052335e-01
9.653519899746499933e-01
9.795483427683948641e-01
9.937446955621397349e-01
1.007941048355884606e+00
1.022137401149629365e+00
1.036333753943374347e+00
1.050530106737119107e+00
1.064726459530864089e+00
1.078922812324608849e+00
1.093119165118353608e+00
1.107315517912098590e+00
1.121511870705843350e+00
1.135708223499588332e+00
1.149904576293333092e+00
1.164100929087078073e+00
1.178297281880822833e+00
1.192493634674567593e+00
1.206689987468312575e+00
1.220886340262057335e+00
1.235082693055802316e+00
1.249279045849547076e+00
1.263475398643292058e+00
1.277671751437036818e+00
1.291868104230781578e+00
1.306064457024526559e+00
1.320260809818271319e+00
1.334457162612016301e+00
1.348653515405761061e+00
1.362849868199505821e+00
1.377046220993250802e+00
1.391242573786995562e+00
1.405438926580740544e+00
