0.000000000000000000e+00
7.223844528198242188e-03
5.137705802917480469e-02
1.480970382690429688e-01
1.892819404602050781e-01
2.305810451507568359e-01
2.662088871002197266e-01
3.082859516143798828e-01
3.532199859619140625e-01
4.067809581756591797e-01
4.622039794921875000e-01
5.295100212097167969e-01
5.832269191741943359e-01
6.389498710632324219e-01
6.787738800048828125e-01
7.252068519592285156e-01
7.668099403381347656e-01
8.149569034576416016e-01
8.693740367889404297e-01
9.419710636138916016e-01
9.934270381927490234e-01
1.058210849761962891e+00
1.096162080764770508e+00
1.141674041748046875e+00
1.178791999816894531e+00
1.220619916915893555e+00
1.268687009811401367e+00
1.335597991943359375e+00
1.394036054611206055e+00
1.445376873016357422e+00
1.482738971710205078e+00
1.530614852905273438e+00
1.600880861282348633e+00
1.601175069808959961e+00
1.667561054229736328e+00
1.730121850967407227e+00
1.800798892974853516e+00
1.801229000091552734e+00
1.853399038314819336e+00
1.907131910324096680e+00
1.963634014129638672e+00
2.018348932266235352e+00
2.080767869949340820e+00
2.133847951889038086e+00
2.171360969543457031e+00
2.234097003936767578e+00
2.280631065368652344e+00
2.334635019302368164e+00
2.399222850799560547e+00
