-1.127158696199509258e+00 5.263409848399280833e-01 5.024554081633638702e-01 -2.826770867726679626e+00 1.024886254598811774e+00 2.189437650686432590e+00 1.216962492939342333e+00
-1.127169230247886844e+00 5.263279735143333582e-01 5.024678874786872029e-01 -2.826784250030994983e+00 1.024888779861102606e+00 2.189434755073243366e+00 1.216966059524474453e+00
-1.127157145225636370e+00 5.263429870150186929e-01 5.024574105828474302e-01 -2.826770517137945582e+00 1.024886225181580457e+00 2.189435515411716437e+00 1.216965300666925209e+00
-1.134764765073369652e+00 5.161665910301636018e-01 5.068812362488266388e-01 -2.810612385896666510e+00 1.032599775481247484e+00 2.174561982711615826e+00 1.106455202131283677e+00
-1.135421088487931662e+00 4.980838795676554298e-01 5.045652186157543184e-01 -2.788009162068552982e+00 1.028726216600620802e+00 2.187455379056693516e+00 1.119323198206790160e+00
-1.132691888568701621e+00 4.954779271666254203e-01 5.003375036409902776e-01 -2.789266906015909875e+00 1.024858309488307029e+00 2.192084256628174188e+00 1.143735470900451467e+00
-1.125993134693020536e+00 5.003113036855459939e-01 4.961604182827699105e-01 -2.798115921565144326e+00 1.019125984364849913e+00 2.187365929746457383e+00 1.159172713716999148e+00
-1.115154952644042297e+00 5.047456318744885095e-01 4.925287473761379431e-01 -2.804939321219804604e+00 1.011089192780854518e+00 2.176363737157984701e+00 1.166762933523716406e+00
-1.103151675050623837e+00 5.023733468186009077e-01 4.889774094931542692e-01 -2.803838899518364514e+00 1.001823058680576750e+00 2.163705809588869045e+00 1.166551439405589363e+00
-1.090362143444833620e+00 4.931239756760064097e-01 4.848916675575836166e-01 -2.795460592540735867e+00 9.913870480627196002e-01 2.150778133853886942e+00 1.161508722683663564e+00
-1.076490590277673576e+00 4.780635407710196461e-01 4.793543970700966383e-01 -2.780915145402360622e+00 9.792791623444738747e-01 2.136915240597190291e+00 1.152187648176802526e+00
-1.046341673445670750e+00 4.368412052156038783e-01 4.658660884451428785e-01 -2.740545219933570920e+00 9.515410033367466269e-01 2.107919303587470594e+00 1.124883935817996061e+00
-1.040369772632423917e+00 4.218005728084825989e-01 4.663853283977932307e-01 -2.726394350785970921e+00 9.476285601272138592e-01 2.105745376175875094e+00 1.121003763007964338e+00
-1.024467222590002002e+00 4.067063553699536982e-01 4.541165592767573145e-01 -2.711204108121705758e+00 9.305607277817795620e-01 2.085780231994702305e+00 1.101957054410670267e+00
-1.003957878589814001e+00 3.864504738917275972e-01 4.419762586484896616e-01 -2.691276801452870515e+00 9.103012742322746931e-01 2.062644371811664712e+00 1.079159807783868885e+00
-9.805886397632956886e-01 3.608618018479194944e-01 4.312671594892947269e-01 -2.666285347779450809e+00 8.888144050254815909e-01 2.038757971579943984e+00 1.054578607044460270e+00
-9.552336604813644882e-01 3.311519181152515756e-01 4.209048069497907107e-01 -2.637348814091018845e+00 8.662686399007704097e-01 2.014022086904047271e+00 1.028223853243709129e+00
-9.292299677533311097e-01 3.008048633252471404e-01 4.095352141551966696e-01 -2.607703241953228890e+00 8.427688996564075552e-01 1.988164251706152186e+00 1.000514483730796655e+00
-8.987099557649003145e-01 2.657924308227155308e-01 3.952878614803818635e-01 -2.573317669166544697e+00 8.146466541241181858e-01 1.957132604527499709e+00 9.672924409126952838e-01
-8.655987088580587852e-01 2.293676041126531118e-01 3.785952063074713436e-01 -2.537031483779656149e+00 7.834390535225814745e-01 1.922446262479351020e+00 9.304655329546633880e-01
-8.144976903252674205e-01 1.812077066437378647e-01 3.477599959791319861e-01 -2.485849004525984007e+00 7.317555756862361704e-01 1.864294903425937733e+00 8.706517147817134372e-01
-7.641624954585699570e-01 1.217008715658920437e-01 3.252438153526018283e-01 -2.425262000852855593e+00 6.848579455869678867e-01 1.814204635890792616e+00 8.155149818067553014e-01
-7.190619756004892338e-01 5.837691695306190809e-02 3.109585367817651047e-01 -2.365148110695435513e+00 6.485449678844830146e-01 1.776172990558190889e+00 7.699032763586561856e-01
-6.715986352581886365e-01 -3.185689707585481756e-05 2.917719086819960950e-01 -2.309571442039659139e+00 6.071819721808218162e-01 1.731250499431897794e+00 7.195522894664456715e-01
-6.294496475585269479e-01 -5.659614788265265872e-02 2.781819532002636208e-01 -2.258440928234983325e+00 5.721505210721335999e-01 1.692976067870716861e+00 6.768640122554359095e-01
-5.904608501463952663e-01 -1.054502194239486101e-01 2.649230007147451715e-01 -2.215068631015881806e+00 5.398091900249042396e-01 1.656517803203938044e+00 6.373818265049777665e-01
-5.496942916346201358e-01 -1.504988982933657127e-01 2.487843899071826570e-01 -2.173415922081698426e+00 5.036222636538099096e-01 1.615151527367626016e+00 5.945881431686963481e-01
-5.077572893438286883e-01 -1.926693662271272700e-01 2.301765581560903939e-01 -2.132507935657977249e+00 4.651934045284047414e-01 1.571198612639195247e+00 5.492601971949255812e-01
-4.523721202165340571e-01 -2.381283226762267446e-01 2.008202993330279185e-01 -2.080968372274726086e+00 4.089678680504356123e-01 1.507823682458084846e+00 4.855825463661354036e-01
-3.997552572237443869e-01 -2.937957134513364821e-01 1.774076039646601544e-01 -2.023319715915206984e+00 3.601643915018133413e-01 1.453369043293191609e+00 4.283454769000503148e-01
-3.997552572237443869e-01 -2.937957134513364821e-01 1.774076039646601544e-01 -2.023319715915206984e+00 3.601643915018133413e-01 1.453369043293191609e+00 4.283454769000503148e-01
-3.221415670796918818e-01 -4.131241320123955063e-01 1.538326377412335688e-01 -1.922041142350681575e+00 3.014320174957134668e-01 1.387674192032664067e+00 3.522556885824634776e-01
-3.221415670796918818e-01 -4.131241320123955063e-01 1.538326377412335688e-01 -1.922041142350681575e+00 3.014320174957134668e-01 1.387674192032664067e+00 3.522556885824634776e-01
-3.221415670796918818e-01 -4.131241320123955063e-01 1.538326377412335688e-01 -1.922041142350681575e+00 3.014320174957134668e-01 1.387674192032664067e+00 3.522556885824634776e-01
-2.923543031975759376e-01 -4.597958085918119053e-01 1.444045197596866004e-01 -1.884922076143343617e+00 2.779439457545418435e-01 1.360582613573741995e+00 3.231580300982130893e-01
-2.693247299599770272e-01 -4.939779758332480952e-01 1.350644698430638613e-01 -1.858277376252551960e+00 2.567769268115034365e-01 1.337107450595738101e+00 2.967924645187540733e-01
-2.210724251198925572e-01 -5.228495009265454740e-01 1.097909430888872606e-01 -1.819437962659820940e+00 2.073039355224226554e-01 1.280445542393849223e+00 2.422311906772378620e-01
-2.210724251198925572e-01 -5.228495009265454740e-01 1.097909430888872606e-01 -1.819437962659820940e+00 2.073039355224226554e-01 1.280445542393849223e+00 2.422311906772378620e-01
-1.840049904451648288e-01 -5.600718598728935405e-01 9.044223258655925690e-02 -1.780286613190416922e+00 1.719362422474448593e-01 1.240119989870827055e+00 2.010786344013890670e-01
-1.538874927441451490e-01 -5.998552051049017564e-01 7.514185591652555729e-02 -1.743416560627049527e+00 1.438544654701603420e-01 1.208939702668894611e+00 1.673946130565564516e-01
-1.251420519699149025e-01 -6.380974571297439724e-01 6.151521724161135296e-02 -1.708693811487900227e+00 1.181804044052503500e-01 1.180159017723330095e+00 1.367031482169487333e-01
-1.007545238022320433e-01 -6.737589062407973728e-01 5.029498770084650516e-02 -1.677712312471276057e+00 9.532716933855400754e-02 1.154983356402912165e+00 1.093668263545879427e-01
-7.580982888051668311e-02 -7.060148512033794788e-01 3.922433920668311202e-02 -1.648848784019456559e+00 7.338154206052127648e-02 1.129921408644326775e+00 8.315545929651868562e-02
-5.598954042798531816e-02 -7.344956015714281250e-01 2.964894650741989324e-02 -1.624478628095237909e+00 5.546339140875300444e-02 1.109622464118439567e+00 6.174919200459427771e-02
-3.917772556841914167e-02 -7.581129145674214698e-01 2.104890162403982856e-02 -1.604242019272515307e+00 4.018338612910188345e-02 1.092246451600175305e+00 4.382756776501750551e-02
-2.769189379421899133e-02 -7.761759782728585577e-01 1.416072104019860944e-02 -1.589482717136290191e+00 2.920903300427912797e-02 1.079934265139575800e+00 3.119854851427383835e-02
-1.870492069819906789e-02 -7.879708417354631678e-01 8.846715231126012213e-03 -1.579052497510189390e+00 1.999521547164295754e-02 1.069637928537433780e+00 2.084907867617680211e-02
-1.038342782084811233e-02 -7.946315758712518829e-01 4.540805745872233956e-03 -1.571561800121915375e+00 1.190130073065898131e-02 1.060294205972606818e+00 1.173338750207086889e-02
-4.747739964908959109e-03 -7.977279966315240500e-01 1.355839535843728072e-03 -1.567217025949380727e+00 6.412121745209553580e-03 1.053935659852415441e+00 5.566509640292593986e-03
