-1.127158696199509258e+00 5.263409848399280833e-01 5.024554081633638702e-01 -2.826770867726679626e+00 1.024886254598811774e+00 2.189437650686432590e+00 1.216962492939342333e+00
-1.126151451474093790e+00 5.251691098050035311e-01 5.020063958277228844e-01 -2.825648686889744798e+00 1.023970995728371580e+00 2.188416572230960977e+00 1.215874482091106934e+00
-1.123129717297847829e+00 5.216534847002296527e-01 5.006593588207998158e-01 -2.822282144378939872e+00 1.021225219117051219e+00 2.185353336864546581e+00 1.212610449546401181e+00
-1.118093493670770711e+00 5.157941095256066699e-01 4.984142971425947755e-01 -2.816671240194264847e+00 1.016648924764850470e+00 2.180247944587189401e+00 1.207170395305224408e+00
-1.111042780592863100e+00 5.075909842811345829e-01 4.952712107931077634e-01 -2.808815974335720167e+00 1.010242112671769998e+00 2.173100395398888995e+00 1.199554319367577282e+00
-1.101977579526474127e+00 4.970441106681780519e-01 4.912301004242288216e-01 -2.798716348432522594e+00 1.002004784166610207e+00 2.163910690782079094e+00 1.189762223313067802e+00
-1.090897907290444113e+00 4.841535082545527224e-01 4.862909735335072536e-01 -2.786372381222700589e+00 9.919369545322442860e-01 2.152678847786594574e+00 1.177794125309158169e+00
-1.077803745791882983e+00 4.689191559901547124e-01 4.804538220554442907e-01 -2.771784052548795785e+00 9.800386073281015520e-01 2.139404848071052800e+00 1.163650005812176591e+00
-1.062695101703925227e+00 4.513410616388169316e-01 4.737186489648084198e-01 -2.754951369845408671e+00 9.663097486178975348e-01 2.124088698400238506e+00 1.147329872030343756e+00
-1.045571973276521405e+00 4.314192231644513598e-01 4.660854534814578010e-01 -2.735874331162794437e+00 9.507503768114047293e-01 2.106730397000067256e+00 1.128833722073282697e+00
-1.026434361747887491e+00 4.091536420076548053e-01 4.575542361573675110e-01 -2.714552937880459371e+00 9.333604930337596750e-01 2.087329945125760311e+00 1.108161557278495524e+00
-1.005282263198946424e+00 3.845443136087925429e-01 4.481249952454808838e-01 -2.690987185632123690e+00 9.141400937237924573e-01 2.065887338804415219e+00 1.085313373412653215e+00
-9.821156811599832670e-01 3.575912420751613530e-01 4.377977323195379467e-01 -2.665177078350911444e+00 8.930891820893873678e-01 2.042402581614803481e+00 1.060289174289118064e+00
-9.569346170428623122e-01 3.282944290493891026e-01 4.265724480089234660e-01 -2.637122617609793718e+00 8.702077594134711713e-01 2.016875674988178879e+00 1.033088961432964137e+00
-9.297390711819907283e-01 2.966538749205406833e-01 4.144491424627104736e-01 -2.606823803781336490e+00 8.454958259999116876e-01 1.989306619263543352e+00 1.003712735205413820e+00
-9.005290386245575762e-01 2.626695739262871476e-01 4.014278134730212555e-01 -2.574280631347566572e+00 8.189533773482096102e-01 1.959695409420060930e+00 9.721604902565135209e-01
-8.693045213929058157e-01 2.263415284195155475e-01 3.875084619413813325e-01 -2.539493102561594995e+00 7.905804152960189679e-01 1.928042047507851464e+00 9.384322287707683730e-01
-8.360655158695821099e-01 1.876697341915136152e-01 3.726910862551924830e-01 -2.502461213393183392e+00 7.603769365562477178e-01 1.894346529859777473e+00 9.025279468406587347e-01
-8.008120269739972263e-01 1.466541969657510491e-01 3.569756886074430535e-01 -2.463184969323093831e+00 7.283429455990449997e-01 1.858608861462814899e+00 8.644476497800593906e-01
-7.635440538824159740e-01 1.032949157838564114e-01 3.403622686309262235e-01 -2.421664369433594644e+00 6.944784416759026691e-01 1.820829041481915045e+00 8.241913366991839851e-01
-7.242615994799099788e-01 5.759189400245516566e-02 3.228508276117573184e-01 -2.377899416938971555e+00 6.587834274084156672e-01 1.781007072841773287e+00 7.817590107144438694e-01
-6.829646627683962912e-01 9.545130460331636285e-03 3.044413651050078551e-01 -2.331890110727250942e+00 6.212579018896496885e-01 1.739142954530599194e+00 7.371506707477248899e-01
-6.396532446443966569e-01 -4.084537379945957225e-02 2.851338815103319213e-01 -2.283636451797255607e+00 5.819018659342526378e-01 1.695236687457227331e+00 6.903663177674361773e-01
-5.943273416220571370e-01 -9.357962283252201086e-02 2.649283752737959241e-01 -2.233138436265363680e+00 5.407153163747133728e-01 1.649288268087928166e+00 6.414059480082101583e-01
-5.476315939744964556e-01 -1.479076123712595170e-01 2.441122159168059302e-01 -2.181114263932434572e+00 4.982840222037379641e-01 1.601951190333171127e+00 5.909658923543543718e-01
-5.016867631995201027e-01 -2.013619505380107588e-01 2.236308023572607384e-01 -2.129926695160966332e+00 4.565350679956871049e-01 1.555375342715538345e+00 5.413369659949782697e-01
-4.577434140151374065e-01 -2.524876725803034683e-01 2.040416147891342957e-01 -2.080968995883742512e+00 4.166048116011772384e-01 1.510828465495675843e+00 4.938700104339215358e-01
-4.158145542815859241e-01 -3.012696445527466294e-01 1.853504518922899913e-01 -2.034255658280389234e+00 3.785050729475478160e-01 1.468323745186757012e+00 4.485790765693359328e-01
-3.759001839988653781e-01 -3.477078664553404086e-01 1.675573136667277141e-01 -1.989786682350905611e+00 3.422358520347987820e-01 1.427861181788780964e+00 4.054641644012210722e-01
-3.380003031669754909e-01 -3.918023382880848615e-01 1.506622001124475196e-01 -1.947562068095292309e+00 3.077971488629301366e-01 1.389440775301747699e+00 3.645252739295767319e-01
-3.021149117859162070e-01 -4.335530600509804877e-01 1.346651112294492136e-01 -1.907581815513548662e+00 2.751889634319414357e-01 1.353062525725657217e+00 3.257624051544029120e-01
-2.682440098556878594e-01 -4.729600317440267321e-01 1.195660470177329765e-01 -1.869845924605675114e+00 2.444112957418330401e-01 1.318726433060509962e+00 2.891755580756998345e-01
-2.363875973762900040e-01 -5.100232533672240942e-01 1.053650074772986833e-01 -1.834354395371671220e+00 2.154641457926047277e-01 1.286432497306305489e+00 2.547647326934671663e-01
-2.065456743477229185e-01 -5.447427249205721855e-01 9.206199260814637575e-02 -1.801107227811536982e+00 1.883475135842567205e-01 1.256180718463043799e+00 2.225299290077050185e-01
-1.787182407699864917e-01 -5.771184464040711726e-01 7.965700241027605377e-02 -1.770104421925272842e+00 1.630613991167889076e-01 1.227971096530725115e+00 1.924711470184134465e-01
-1.529052966430808624e-01 -6.071504178177209443e-01 6.815003688368773127e-02 -1.741345977712878801e+00 1.396058023902012613e-01 1.201803631509349435e+00 1.645883867255925614e-01
-1.291068419670058920e-01 -6.348386391615216118e-01 5.754109602838142212e-02 -1.714831895174354415e+00 1.179807234044938369e-01 1.177678323398916316e+00 1.388816481292422245e-01
-1.073228767417615803e-01 -6.601831104354732860e-01 4.783017984435701531e-02 -1.690562174309699905e+00 9.818616215966646799e-02 1.155595172199426202e+00 1.153509312293622968e-01
-8.755340096734781641e-02 -6.831838316395759669e-01 3.901728833161454552e-02 -1.668536815118915051e+00 8.022211865571915457e-02 1.135554177910878870e+00 9.399623602595270910e-02
-6.979841464376498883e-02 -7.038408027738292105e-01 3.110242149015419316e-02 -1.648755817602000295e+00 6.408859289265229908e-02 1.117555340533274544e+00 7.481756251901397481e-02
-5.405791777101300044e-02 -7.221540238382332388e-01 2.408557931997588539e-02 -1.631219181758955639e+00 4.978558487046588071e-02 1.101598660066613444e+00 5.781491070854605924e-02
-4.033191034909210104e-02 -7.381234948327877188e-01 1.796676182107971587e-02 -1.615926907589781081e+00 3.731309458915986477e-02 1.087684136510895350e+00 4.298828059454902484e-02
-2.862039237800181185e-02 -7.517492157574929834e-01 1.274596899346549031e-02 -1.602878995094476622e+00 2.667112204873391818e-02 1.075811769866120260e+00 3.033767217702242058e-02
-1.892336385774190388e-02 -7.630311866123498099e-01 8.423200837133115043e-03 -1.592075444273041596e+00 1.785966724918788828e-02 1.065981560132287731e+00 1.986308545596606606e-02
-1.124082478831269979e-02 -7.719694073973573101e-01 4.998457352082727977e-03 -1.583516255125476224e+00 1.087873019052206132e-02 1.058193507309397763e+00 1.156452043138028914e-02
-5.572775169714301070e-03 -7.785638781125154839e-01 2.471738538314374213e-03 -1.577201427651780952e+00 5.728310872736527490e-03 1.052447611397451244e+00 5.441977103265183482e-03
-1.919215001946712696e-03 -7.828145987578245535e-01 8.430443958280553788e-04 -1.573130961851955556e+00 2.408409295831293734e-03 1.048743872396447507e+00 1.495455471620751485e-03
-2.801442850097646698e-04 -7.847215693332845188e-01 1.123749246236947124e-04 -1.571304857726000037e+00 9.190254598062025165e-04 1.047082290306386776e+00 -2.750444635531910627e-04
-1.810610946267843203e-04 -7.848368472933081597e-01 6.820534635335203343e-05 -1.571194468210220574e+00 8.289909660816193685e-04 1.046981846284743556e+00 -3.820726596750319498e-04
