0.000000000000000000e+00
5.000000100000000225e-02
1.000000010000000050e-01
1.500000020000000212e-01
2.000000030000000095e-01
2.500000039999999979e-01
3.000000040000000423e-01
3.500000050000000029e-01
4.000000060000000190e-01
4.500000070000000352e-01
5.000000070000000241e-01
5.500000080000000402e-01
6.000000090000000563e-01
6.500000100000000725e-01
7.000000100000000058e-01
7.500000110000000220e-01
8.000000120000000381e-01
8.500000130000000542e-01
9.000000130000000986e-01
9.500000140000000037e-01
1.000000014999999909e+00
1.050000016000000036e+00
1.100000016000000080e+00
1.150000016999999986e+00
1.200000017999999891e+00
1.250000019000000018e+00
1.300000019000000062e+00
1.350000019999999967e+00
1.400000021000000094e+00
1.450000022000000000e+00
1.500000022000000044e+00
1.550000022999999949e+00
1.600000024000000076e+00
1.650000025000000203e+00
1.700000025000000026e+00
1.750000025999999931e+00
1.800000027000000058e+00
1.850000028000000185e+00
1.900000028000000007e+00
1.950000028999999913e+00
2.000000029999999818e+00
2.050000031000000167e+00
2.100000030999999989e+00
2.150000031999999894e+00
2.200000033000000244e+00
2.250000034000000149e+00
2.300000033999999971e+00
2.350000034999999876e+00
2.365682072999999885e+00
