-0.000000000000000000e+00 -0.000000000000000000e+00 0.000000000000000000e+00 0.000000000000000000e+00 0.000000000000000000e+00 0.000000000000000000e+00
-5.716139927756074268e-01 -4.436049730407440883e-01 4.052848753638891854e-01 1.544330489130965045e-01 1.277587175743894188e-01 2.812863137410844816e-01
-1.109500963555059450e+00 -8.601951254575933570e-01 7.835679365752037384e-01 2.976250433961654673e-01 2.486735726849416961e-01 5.461867231448082061e-01
-1.581105704532567380e+00 -1.223694523256896982e+00 1.108783581649173566e+00 4.187280078465336342e-01 3.561277818420680585e-01 7.788749400614333185e-01
-1.897826247361156238e+00 -1.464899416522790210e+00 1.316473614992508923e+00 4.926859508281954403e-01 4.306561422207008660e-01 9.358357396940735207e-01
-2.100694566226297244e+00 -1.615245778576305247e+00 1.434220240873484764e+00 5.295620837513934642e-01 4.817153433065808343e-01 1.037316375152839809e+00
-2.186537975876475581e+00 -1.671861572350293645e+00 1.458245400138343362e+00 5.274752060539077414e-01 5.088544128942489309e-01 1.081784553055235243e+00
-2.143838343376111233e+00 -1.625524079869561156e+00 1.379306138102449619e+00 4.826143470483442166e-01 5.096172388215228777e-01 1.063536643688121730e+00
-1.965834671087925312e+00 -1.470822118098968456e+00 1.191960177685838618e+00 3.927642917396307887e-01 4.824695661735375896e-01 9.791408535573854488e-01
-1.651249914780781536e+00 -1.206738383661289271e+00 8.951466052949323959e-01 2.575493880871912999e-01 4.269398430855609883e-01 8.277843274984484356e-01
-1.197118664721128933e+00 -8.316314398534900842e-01 4.891215724811071031e-01 7.787937283943786870e-02 3.415892602976089987e-01 6.076298958706561892e-01
-6.208337834034372005e-01 -3.655750708844171526e-01 1.046043900051800424e-02 -1.249454910939799268e-01 2.251718426484695390e-01 3.258602949260539505e-01
-4.383726580217314761e-02 1.016328432972597728e-01 -4.711796285508239035e-01 -3.293147113755287014e-01 1.081305148893252771e-01 4.300857755603199051e-02
5.327837354313766927e-01 5.691462919349185023e-01 -9.550839791228501463e-01 -5.348894574754008424e-01 -9.521267372172370971e-03 -2.406000889964254319e-01
1.108567265766551291e+00 1.037173776825925486e+00 -1.443117202637907770e+00 -7.429146164075187686e-01 -1.275957019310967888e-01 -5.249488710511116540e-01
1.679130023567480201e+00 1.502090308597141766e+00 -1.931471313172804738e+00 -9.515675416163602574e-01 -2.457205835898753354e-01 -8.083256983727080680e-01
2.195895759550346327e+00 1.922393205620781531e+00 -2.371669903515868594e+00 -1.138123966016037825e+00 -3.559808902246281992e-01 -1.067597025485763629e+00
2.581084839815897425e+00 2.233714969464120959e+00 -2.693607217151779309e+00 -1.271571520652500897e+00 -4.434533786892767004e-01 -1.264713983383891849e+00
2.800809061436425829e+00 2.409408010146083079e+00 -2.871814533121528790e+00 -1.341970199220506865e+00 -5.002838557194601021e-01 -1.382565989432095854e+00
2.890090877849700313e+00 2.480436861579068619e+00 -2.945222835020199437e+00 -1.368249849090787507e+00 -5.318548975233764464e-01 -1.438063668347461244e+00
2.851889466581356558e+00 2.449323878361362450e+00 -2.916773211886736661e+00 -1.351773917560478155e+00 -5.386877658108724098e-01 -1.432649203210682565e+00
2.686812236095585948e+00 2.316555730528519153e+00 -2.786950953057731883e+00 -1.292746150210459577e+00 -5.209001936904895658e-01 -1.366612694849800302e+00
2.395465387137404978e+00 2.082618120461499966e+00 -2.556240382971591618e+00 -1.191369887498650915e+00 -4.786096802339792622e-01 -1.240243667329741450e+00
1.923533062413145700e+00 1.698976749963893029e+00 -2.161343457689437031e+00 -1.017622113503628745e+00 -4.002305860520873337e-01 -1.024079146845229049e+00
1.355782144983865400e+00 1.235170838739070520e+00 -1.675965830481493946e+00 -8.040305149346175240e-01 -3.009316392520812178e-01 -7.582690005434915559e-01
7.794617429011264642e-01 7.650322964196147879e-01 -1.185289746724007554e+00 -5.891650450785052007e-01 -1.980824578486202192e-01 -4.869005550224199119e-01
2.098437098449634497e-01 3.033050864836700500e-01 -7.117202511439556512e-01 -3.838981094227841839e-01 -9.605726532622951841e-02 -2.198423311260452595e-01
-3.665904889279245626e-01 -1.643487163138826479e-01 -2.304964340448485138e-01 -1.754692347888149595e-01 8.660982515988169955e-03 5.196892884615493535e-02
-9.433954914176516660e-01 -6.311775203415099789e-01 2.467864508710507498e-01 3.031213189258521665e-02 1.139738728902902481e-01 3.238674608135542199e-01
-1.519441007467539739e+00 -1.096979049029157993e+00 7.220100747099001959e-01 2.347261372180030614e-01 2.197879681515745032e-01 5.957864435477624454e-01
-2.091308225118897912e+00 -1.558835211960599265e+00 1.191781224878525780e+00 4.362147099995826172e-01 3.255047967666200859e-01 8.660268179400812949e-01
-2.628052535049807403e+00 -1.986319540371156211e+00 1.611062066239613122e+00 6.109129160843593809e-01 4.293686469728291710e-01 1.119952971945731290e+00
-3.084886264463488015e+00 -2.344294762002586463e+00 1.948348678742391815e+00 7.452310084374033083e-01 5.266608671360424321e-01 1.339781172392454645e+00
-3.443928050716003497e+00 -2.619243336420811641e+00 2.192774498812120498e+00 8.349852994064210776e-01 6.147558556016855524e-01 1.518123968112394140e+00
-3.703281101618792093e+00 -2.809519510469444370e+00 2.342418528189226024e+00 8.792251786357219157e-01 6.935235029749440283e-01 1.654194836347426145e+00
-3.859766161477605095e+00 -2.912489102510774419e+00 2.394492303111147802e+00 8.766585553241563744e-01 7.626039746181069168e-01 1.746633873277067650e+00
-3.910816693520402509e+00 -2.925980916503270191e+00 2.346584249949141832e+00 8.261351523571566213e-01 8.217424075985481080e-01 1.794346073614949910e+00
-3.889214362497374733e+00 -2.873758167217463466e+00 2.215813693793758699e+00 7.327104479256068004e-01 8.789740250489147533e-01 1.812846655837218046e+00
-3.696589813657163770e+00 -2.682547521644034205e+00 1.944127897581374498e+00 5.764213659475718732e-01 9.128254006744506155e-01 1.756549927434496672e+00
-3.358520754295139632e+00 -2.373783062910349795e+00 1.554497579227666293e+00 3.683088992429371933e-01 9.250671109352757160e-01 1.635643743905078829e+00
-2.866146870754398890e+00 -1.946284297556150955e+00 1.059908712784428220e+00 1.198274447431887796e-01 9.059177031090727139e-01 1.442888958171882674e+00
-2.296053137117425536e+00 -1.462331174687244717e+00 5.233447506282652428e-01 -1.407226870706689004e-01 8.650723272735114655e-01 1.211189888129915238e+00
-1.722469117060385635e+00 -9.752691875562352619e-01 -1.765590668787249060e-02 -4.030925126680977022e-01 8.223263963324787262e-01 9.766827588030214669e-01
-1.148315983349627700e+00 -4.870799021333370726e-01 -5.618695489021168221e-01 -6.671951313276608397e-01 7.790299567169902684e-01 7.411747999662663400e-01
-5.710016561509656530e-01 2.786773123662443334e-03 -1.106069644875479208e+00 -9.302033894698548133e-01 7.329435586844319506e-01 5.029243661837244916e-01
5.306364726774824396e-03 4.952318193013237058e-01 -1.661226154518402387e+00 -1.201072515736753665e+00 6.908683229922398805e-01 2.662509484332353238e-01
5.749591755858969311e-01 9.835928449818405195e-01 -2.216639610123960047e+00 -1.472672364480026808e+00 6.483330897035266549e-01 3.102939206806395317e-02
1.113254949946695938e+00 1.452357431551084543e+00 -2.770435154609833361e+00 -1.747054326860448592e+00 6.075186606739561013e-01 -1.943106363460291863e-01
1.642309035803146910e+00 1.910719909045801135e+00 -3.311902072779687067e+00 -2.010903014897432506e+00 5.513164660233637049e-01 -4.253393521603999194e-01
2.122629382690097710e+00 2.313646621278333093e+00 -3.764877736181234447e+00 -2.218086887046306632e+00 4.667658021553247605e-01 -6.519699274020014368e-01
2.564149504415226488e+00 2.675545606668002563e+00 -4.159150778332644904e+00 -2.387730975398523636e+00 3.608830334532367456e-01 -8.754320072916000894e-01
2.965107368950762545e+00 2.994617957819979637e+00 -4.492224410860721662e+00 -2.518288179322464515e+00 2.329093046979330839e-01 -1.095469264726042891e+00
3.327415273389918049e+00 3.272644024207358893e+00 -4.766762686974802321e+00 -2.611009943615847373e+00 8.209318053539685356e-02 -1.313316877907592550e+00
3.647551513527385492e+00 3.505817328940367350e+00 -4.976924276454979257e+00 -2.662290531475302480e+00 -9.303361794078028602e-02 -1.528354135928952307e+00
3.922401724126275191e+00 3.690962874957739448e+00 -5.118197412801832158e+00 -2.669408175841659681e+00 -2.935216521395918599e-01 -1.739941421463485183e+00
4.128476340202640316e+00 3.806257892213721572e+00 -5.161007372645937785e+00 -2.617061042256883407e+00 -5.175371143440202770e-01 -1.937712259659637226e+00
4.234817465041997409e+00 3.825583869953578464e+00 -5.073645291408377389e+00 -2.491560410437705375e+00 -7.548278308871080311e-01 -2.103895804754591037e+00
4.286561838254105083e+00 3.791887353363007751e+00 -4.916065598896647515e+00 -2.324787426114192979e+00 -1.006760523415275888e+00 -2.257384962234830539e+00
4.286403482237878926e+00 3.707881920382563035e+00 -4.691988855482971843e+00 -2.119017162635013385e+00 -1.272295197238384912e+00 -2.398636047915435388e+00
4.236978165929086160e+00 3.576222021581149324e+00 -4.405053984680300516e+00 -1.876474392429116955e+00 -1.550415818525076483e+00 -2.528096299534967173e+00
4.140863916993118288e+00 3.399503500032615477e+00 -4.058818990933247051e+00 -1.599334029275874647e+00 -1.840130103627279912e+00 -2.646203956574353811e+00
4.000581534017752183e+00 3.180264111192348864e+00 -3.656761677409040789e+00 -1.289721570575211196e+00 -2.140469308404673754e+00 -2.753388340075733520e+00
3.817601802503168162e+00 2.920228333218855887e+00 -3.201457641713036040e+00 -9.494765627522047113e-01 -2.449835903574005602e+00 -2.849320554361037594e+00
3.553116910609151802e+00 2.592362796912153655e+00 -2.666818064587279657e+00 -5.754605809780661829e-01 -2.733369846983966678e+00 -2.899557667236113634e+00
3.234426647104663211e+00 2.224253442033103934e+00 -2.092126942695034852e+00 -1.909247988725968070e-01 -2.983610780685169495e+00 -2.910749029082862371e+00
2.909650461885306516e+00 1.852664714753031738e+00 -1.517236870529476755e+00 1.922653568471895391e-01 -3.230621894363845392e+00 -2.918264834966891375e+00
2.576120472928362659e+00 1.475870713225061470e+00 -9.403778720493219945e-01 5.739959339668924132e-01 -3.470763784013927378e+00 -2.918980902269856070e+00
2.240031692019428533e+00 1.097742362735541377e+00 -3.643523040860138784e-01 9.548536088010468603e-01 -3.710571134628780410e+00 -2.918861159052821730e+00
1.898047151318776438e+00 7.160340161960749850e-01 2.130708875919149758e-01 1.334912011009110833e+00 -3.946302398105701492e+00 -2.914491010842948260e+00
1.549793853737696292e+00 3.317759595974422715e-01 7.891574099083304983e-01 1.711030752595168236e+00 -4.172392765311015772e+00 -2.902624263516223380e+00
1.201681567143242590e+00 -5.333561795713223641e-02 1.366517052232675278e+00 2.089488850601664893e+00 -4.404547097675923339e+00 -2.894379451815022986e+00
8.491362918578545527e-01 -4.402291699800049973e-01 1.942807881278282967e+00 2.465110273093509274e+00 -4.629984917817438372e+00 -2.880906528932527078e+00
4.942355548264272813e-01 -8.283482347479148578e-01 2.518909117076240545e+00 2.839913026603065216e+00 -4.853647632318810246e+00 -2.865715299289907314e+00
1.370803289564521688e-01 -1.217888878557477295e+00 3.095478135123230778e+00 3.214542116878446709e+00 -5.076434560514223371e+00 -2.849321683266705207e+00
-2.222834915169965564e-01 -1.608535547991523540e+00 3.671862415440917626e+00 3.588296417889062617e+00 -5.297151415528923657e+00 -2.831069978996213710e+00
-5.770858469353601361e-01 -1.980271516153846001e+00 4.206567044967292723e+00 3.923047474524343770e+00 -5.463695846058215899e+00 -2.784882157106185474e+00
-9.145171459260159619e-01 -2.321998529301704917e+00 4.685994323388477767e+00 4.212413131459141979e+00 -5.578641215590519842e+00 -2.717137150981404847e+00
-1.233219977846505166e+00 -2.640511822314490331e+00 5.128117562319347122e+00 4.475293458014673043e+00 -5.672155024297775405e+00 -2.644956966715389157e+00
-1.531240227732138637e+00 -2.933965713954453047e+00 5.530560547109031333e+00 4.710339021576666951e+00 -5.743883292071165769e+00 -2.568887067228067256e+00
-1.806880370937623992e+00 -3.200774962627389808e+00 5.891306650788957988e+00 4.916421951106069166e+00 -5.793577579727307025e+00 -2.489432929034699704e+00
-2.033913391975499252e+00 -3.398976567441467811e+00 6.135828991064912863e+00 5.033222279115297404e+00 -5.753920710960952256e+00 -2.379681417590716830e+00
-2.209804054545013496e+00 -3.532174518525481144e+00 6.275599723861439827e+00 5.073721621149095640e+00 -5.647085774044603212e+00 -2.252804177409324815e+00
-2.344043914475494539e+00 -3.618117270282844355e+00 6.343903827298595033e+00 5.066040751404947251e+00 -5.506859387793295646e+00 -2.123707891452759622e+00
-2.436720592026432097e+00 -3.657187380167348234e+00 6.341636358006677909e+00 5.010975618307408119e+00 -5.334236350122613324e+00 -1.992892484178231394e+00
-2.488353387348194445e+00 -3.650205561511657315e+00 6.270297332194436635e+00 4.909694918858752644e+00 -5.130389017849374511e+00 -1.860790608109841759e+00
-2.499866231236141267e+00 -3.598403228493260553e+00 6.131953818624146457e+00 4.763716742054300290e+00 -4.896656180775237566e+00 -1.727771859126585374e+00
-2.470797855851722513e+00 -3.500898346264792238e+00 5.924977334596364997e+00 4.571626075859043681e+00 -4.631231570053884639e+00 -1.593012535263751417e+00
-2.371744553151778678e+00 -3.316644341443310662e+00 5.580388512507640897e+00 4.280530295659609408e+00 -4.281233835751018901e+00 -1.438775720657333723e+00
-2.232976461104833721e+00 -3.088665237182697698e+00 5.171127494263493496e+00 3.946765740053014504e+00 -3.903838425842746318e+00 -1.284812026271588081e+00
-2.062735302559525863e+00 -2.827415165145971798e+00 4.713994173160804380e+00 3.582576426070206210e+00 -3.509863475392012155e+00 -1.133884070602628746e+00
-1.896387467019885475e+00 -2.579812198110926325e+00 4.286023042317389731e+00 3.245558088188298385e+00 -3.153619260202200181e+00 -1.002202718600755382e+00
-1.720834876271475800e+00 -2.326206823320513539e+00 3.853152585544137310e+00 2.908797138740879529e+00 -2.806454057724864004e+00 -8.790661553057783628e-01
-1.534185738689992196e+00 -2.062919211384026230e+00 3.408413838954121200e+00 2.566339030666281218e+00 -2.461070524752355215e+00 -7.611905686333451104e-01
-1.398306689866065655e+00 -1.871802248547196790e+00 3.085996954031665851e+00 2.318393539973509387e+00 -2.211714410803279574e+00 -6.765226839572802131e-01
-1.255276707407710246e+00 -1.673888026244486404e+00 2.754574362313664260e+00 2.065406873995913717e+00 -1.961412328074732647e+00 -5.940928464409721554e-01
-1.033113964244362970e+00 -1.373260525525520359e+00 2.256363918698863102e+00 1.689114446680587189e+00 -1.597946705621898111e+00 -4.799741115488317389e-01
-7.855666235270699627e-01 -1.041681187162211586e+00 1.709530578542037826e+00 1.278171592151506220e+00 -1.205628739208149947e+00 -3.597839158694104422e-01
-5.288412734131311410e-01 -7.000630189388672431e-01 1.147933171523320528e+00 8.575297471939119509e-01 -8.071744397855575848e-01 -2.397591572146478278e-01
-2.659637179189844880e-01 -3.517182619783140729e-01 5.764460606266522680e-01 4.303929538918802589e-01 -4.046154590979147980e-01 -1.198499155241027764e-01
-2.129744195129683512e-16 -2.815492154088444727e-16 4.613669471005902555e-16 3.444116764376433887e-16 -3.236498138232842683e-16 -9.577813691130376394e-17
