-3.312394525138972767e+01 -2.549927667250890906e+01 2.272380964709026685e+01 8.426635371666387542e+00 7.567229069937106090e+00 1.634551444870769643e+01
1.077807616685985010e+02 8.581450284818268415e+01 -8.439134166451700025e+01 -3.461638535988222998e+01 -2.229245943031430244e+01 -5.248931587698898227e+01
1.469400845951335555e+02 1.187287065571564995e+02 -1.214387354524244245e+02 -5.158330586456937539e+01 -2.899050477898798661e+01 -7.115408183614353277e+01
3.753488860728765530e+02 2.970315871244262098e+02 -2.872436727931584528e+02 -1.159252621518083686e+02 -7.925210078021895299e+01 -1.833578504058651788e+02
4.057006594497699439e+02 3.213865071327874148e+02 -3.117420972221837587e+02 -1.261284217991491232e+02 -8.551078142856412967e+01 -1.982177668453829540e+02
2.826274593437704539e+02 2.272590192060348784e+02 -2.296270811427873753e+02 -9.634663533048109230e+01 -5.707254351331471298e+01 -1.375026090190775108e+02
3.546496080646560358e+02 2.840516883864797251e+02 -2.840887860400306408e+02 -1.180263170303517910e+02 -7.275251534352811689e+01 -1.730176072411182702e+02
3.752956117303371002e+02 2.996694795804261844e+02 -2.973481235097408444e+02 -1.225141234839019546e+02 -7.808016272541897251e+01 -1.836271797882026533e+02
3.292649729090560982e+02 2.673035091033817139e+02 -2.772530283266539186e+02 -1.184499170334860452e+02 -6.576088040982469352e+01 -1.608148662638727728e+02
5.124536230735219533e+02 3.968478795307063365e+02 -3.607812627576244040e+02 -1.359768746049351478e+02 -1.171613210854053904e+02 -2.541575559169241671e+02
2.868390130585504494e+02 2.165844780656702255e+02 -1.817990761805806414e+02 -6.192728203035139956e+01 -7.097232816294804536e+01 -1.443995751149605837e+02
-7.419155765227510813e+01 -5.382268048485099854e+01 3.805925376600728072e+01 1.099349653339313626e+01 1.703757048969029242e+01 3.501932580548729135e+01
2.324104246462971446e+01 2.110357678778168378e+01 -2.871541838914374267e+01 -1.345852867771647787e+01 -6.070245117513534794e+00 -1.380082182796369317e+01
-2.048567248551258402e+01 -1.534543853589289597e+01 1.140808160531971360e+01 4.794417846879482248e+00 1.211648139693132231e+00 6.704872545484846569e+00
1.473165713142839017e+01 1.593098244503423189e+01 -2.862652405515301623e+01 -1.436722920827445726e+01 -5.402348816667944753e+00 -1.147523118224819072e+01
-1.237125782756198618e+02 -1.010303027924053367e+02 1.046472048308437479e+02 4.706297727470672498e+01 1.815885076914513974e+01 5.470585077427408294e+01
-3.544123482518586457e+02 -2.944566751419220623e+02 3.218166516047115806e+02 1.453882903917199201e+02 6.041155155651748032e+01 1.669879583186944387e+02
-4.495120485279593936e+02 -3.680875178543636821e+02 3.890966007645785680e+02 1.703522298843542728e+02 8.351269764340028701e+01 2.153950797744081740e+02
-4.045926828294774396e+02 -3.276485464380364192e+02 3.365957595967419707e+02 1.441829979279425800e+02 7.753207438892215464e+01 1.941860338085311639e+02
-3.270369366342709441e+02 -2.609451059926127527e+02 2.571316478720377745e+02 1.070558450958194214e+02 6.368678493006657249e+01 1.559165276152011756e+02
-3.530330160214733155e+02 -2.837055404076229479e+02 2.854116097366917302e+02 1.204168763139864780e+02 6.858498435495066303e+01 1.691850677836231682e+02
-3.167618365637648594e+02 -2.514811126591385744e+02 2.438921166816927837e+02 1.007983567583878113e+02 6.092969754921104908e+01 1.496795424241430226e+02
-4.260274371030989755e+02 -3.497479388342921425e+02 3.738420051804589548e+02 1.626164209668278602e+02 8.474865917605039556e+01 2.097415788360108593e+02
-3.491468977340050515e+02 -2.959471156079814591e+02 3.444048053810047350e+02 1.545485241016266116e+02 7.515790680626494691e+01 1.818686588293703892e+02
7.360081754526560438e+00 1.098981849435461911e+01 -2.461228681579234845e+01 -1.535213377978073979e+01 2.702109352732877667e+00 -2.308611645802422618e+00
9.890427795603828898e+00 1.287760223311677699e+01 -2.654540840296028392e+01 -1.558964893711222999e+01 6.025561131006164084e-01 -4.925559153044115845e+00
-4.173750775163972548e+01 -3.440042838481122800e+01 3.797535349493080759e+01 1.575846597464452259e+01 1.118661132192778318e+01 2.326900610277271042e+01
1.486770769984471841e+01 1.517844576256543299e+01 -2.418942655669567898e+01 -1.306553252745633742e+01 -1.287284986487182703e+00 -7.298260015885197127e+00
-1.361736975694111962e+01 -1.047610557192625613e+01 9.670885887002885539e+00 3.220199780401368006e+00 4.382819281447247306e+00 7.896316039577883750e+00
5.598531002776551446e+01 4.470150317526786665e+01 -4.327421200511525967e+01 -1.887726568743041611e+01 -7.944961445433748715e+00 -2.402863933773666005e+01
8.207994832578049227e+01 8.083855496507477767e+01 -1.196600381025628934e+02 -6.389242681879195374e+01 -3.389866865245810601e+00 -3.765429151886858961e+01
1.777187586378438766e+02 1.621440038962414576e+02 -2.102560881000578945e+02 -1.077671666903070502e+02 -1.074579872488539678e+01 -7.708370220593670297e+01
2.848719831923538663e+02 2.389288385366009493e+02 -2.596821832810418869e+02 -1.228478902436609133e+02 -2.828758170337477651e+01 -1.203619832660112934e+02
2.650753547946050617e+02 2.257375190940494463e+02 -2.542663342490096738e+02 -1.224177670335751884e+02 -2.465810322231220653e+01 -1.126259114370672023e+02
2.729371663928043859e+02 2.322715310810319806e+02 -2.609532802442860770e+02 -1.257189348961441482e+02 -2.473872354284189257e+01 -1.153577526624688545e+02
3.101111404563676501e+02 2.599449150576206762e+02 -2.830076043656568459e+02 -1.331870912830946736e+02 -3.336407405170262308e+01 -1.329797737502812538e+02
1.951424133563046155e+02 1.779001205026381456e+02 -2.271812701735837834e+02 -1.186527550637680832e+02 -2.911932116682486527e+00 -7.750366328357488044e+01
3.686304847011450079e+02 3.055683015550102937e+02 -3.244769813689509874e+02 -1.500159614041304224e+02 -4.347357498998243841e+01 -1.591440205500138347e+02
4.480530825068640866e+02 3.616215223102381628e+02 -3.611471219659912890e+02 -1.584874866773575093e+02 -6.599140381436781411e+01 -1.982853528397767207e+02
4.528041057406779260e+02 3.429481769857003997e+02 -2.894269400478011107e+02 -1.051075126587180648e+02 -9.956624151966626357e+01 -2.136244514160918015e+02
2.571584594132309007e+02 1.867212426926188300e+02 -1.381038417807045278e+02 -3.985709369283784298e+01 -7.039434978052334202e+01 -1.277151615413347088e+02
-7.925069966644069552e+01 -5.415801258480761504e+01 2.866702383718994440e+01 4.504876269030106073e+00 1.951920587698302256e+01 3.571980956577966282e+01
2.777679662213326139e+01 2.394870589582036402e+01 -2.871779920303298184e+01 -1.331730828992430915e+01 -5.236098528054919043e+00 -1.409256262400930204e+01
-1.185427413026301169e+00 -1.032883443772757204e+01 3.127696169840597662e+01 2.352712333628007357e+01 -1.663464323135601930e+01 -7.367295452966041047e+00
3.221175787472785146e+01 4.285407662400879758e+01 -8.275789248849422108e+01 -5.241180150387504000e+01 1.896768424936640685e+01 -5.397244338691218779e+00
-7.688664268108165345e+01 -6.885837244921820854e+01 8.075189900580718927e+01 4.400255327404973116e+01 -8.910604289834699543e+00 2.312803564831586556e+01
-5.086989203692513684e+01 -2.431471309454439833e+01 -2.721249619754132709e+01 -2.270633001007406904e+01 1.840485314065627431e+00 1.267792313987089692e+01
-3.043502037342031130e+01 -2.276719180680497701e+01 4.868612004732602472e+00 6.579605853384401293e+00 -2.689884383393674128e+01 -7.529441280604240561e+00
-1.348982057929327709e+02 -1.622825947887212976e+02 2.749553152303624302e+02 1.784246321247127014e+02 -9.042826276339842195e+01 7.655282170275701681e+00
-9.474220603559037102e+01 -9.503808187767459970e+01 1.245935178418839371e+02 7.912101790351358943e+01 -4.830177730317585372e+01 8.311443468679787117e+00
-1.149006420148767518e+02 -1.224283529018959911e+02 1.779574500197087161e+02 1.134291747380137991e+02 -6.205155257083228548e+01 1.044809279799753732e+01
-1.029755740770811485e+02 -1.092619997772001028e+02 1.553224786726443938e+02 1.005699994260600221e+02 -6.147572764250363520e+01 5.398964276224764269e+00
-1.174024483478225847e+02 -1.241169527537848296e+02 1.775326872503949573e+02 1.135263346917144673e+02 -6.452286409782219323e+01 9.593654139156027938e+00
-9.348898234897957593e+01 -1.032487448023647971e+02 1.503595644358627510e+02 1.012647110996480677e+02 -7.231568304854704365e+01 -4.304512728471206806e+00
-2.425273725989280535e+02 -2.412024054413953138e+02 3.373983775059822392e+02 1.970937352882764060e+02 -5.719881584478795844e+01 6.353785362686786442e+01
-2.596438740562574594e+02 -2.508899629391367512e+02 3.412413367628478795e+02 1.930186193394084739e+02 -3.896829642797092674e+01 7.976169263162920231e+01
-1.194012171930452979e+02 -1.163590980014849947e+02 1.517696449580323304e+02 9.128441177546041274e+01 -4.042775863965984229e+01 2.246567127975055556e+01
-1.475307613222116743e+02 -1.429446596132857223e+02 1.896159669012034783e+02 1.107003301571522513e+02 -3.661574620211701614e+01 3.609119054741114496e+01
-1.315999011984876574e+02 -1.271610441079177747e+02 1.674124610196400340e+02 9.790437894787591233e+01 -3.355170125563334693e+01 3.149076533794416122e+01
-1.244824115605284902e+02 -1.206958260320428735e+02 1.594131178681776930e+02 9.362086951423026449e+01 -3.315552906370565722e+01 2.901968096124162955e+01
-1.271074989924455565e+02 -1.202758866483273721e+02 1.559581855264964645e+02 8.830738526459191462e+01 -2.172475259047944718e+01 3.640298786851749924e+01
-8.287626271266634603e+01 -8.729770214219236379e+01 1.214210498474205622e+02 7.940211453705661881e+01 -5.214596087429045213e+01 2.383905539171542021e+00
-2.485206985375410795e+02 -2.028347396074157700e+02 2.328624409443822572e+02 9.316969849958400118e+01 9.539102952573027494e+01 1.486383655427488009e+02
-1.736985896440845067e+02 -1.304099525160633277e+02 1.331208777381163486e+02 3.725489799090532728e+01 1.043485937821739213e+02 1.241364703131588385e+02
3.344250974294413936e+01 2.794103040787508263e+01 -3.925485287918855448e+01 -1.403525051118583100e+01 -2.622733877048309381e+01 -2.890787794377408204e+01
-4.983654128549000006e+01 -3.170190819263041249e+01 2.139954875163088488e+01 -3.304526250476298443e+00 4.420009018745143692e+01 4.276396008550719330e+01
-5.004325132776280327e+00 -2.984608503855498807e+00 -1.796958920504940993e+00 -7.710524806623270111e-01 -3.444331625153415732e+00 -8.822121836520663285e-01
-9.100644638973784950e+00 -4.878827413377451627e+00 -8.524099259627679892e-01 -2.803022447600662215e+00 5.146447401226705409e+00 5.583026252565104208e+00
-1.357626047887915277e+01 -7.704289451800472754e+00 1.847288165621884470e+00 -3.164440814875993713e+00 1.126635727006510557e+01 1.080798569135195386e+01
-2.503679206014961078e+00 -1.673872857447634255e+00 -1.066103957254060486e+00 6.648817716459236304e-02 -3.913840725310663959e+00 -1.793789918671091277e+00
-1.577959910964327506e+01 -7.145363049079531237e+00 -1.129413790693915010e+00 -8.137288216664144258e+00 2.269662397642096607e+01 1.811845215379457130e+01
-5.013804378833314424e+00 -3.114677757194959984e+00 3.982607046961675334e-01 -4.937024126753834508e-01 8.070735464591007879e-01 1.918418489301546792e+00
-5.475471386345557967e+00 -3.621101165750595374e-01 -6.529323318449829827e+00 -8.009590126586537906e+00 1.337201220248588562e+01 9.072839710934497148e+00
-1.110712612624645601e+01 -1.811298815466733458e+01 3.087416737907348008e+01 2.640603271450220291e+01 -3.357881358636623759e+01 -1.455565764592005173e+01
1.530839856981044989e+01 5.724679751846204567e+01 -1.244533326886658244e+02 -1.156293110786308063e+02 1.591839498179466545e+02 8.137839500246816726e+01
4.866855068030925224e+01 9.504849059734686989e+01 -1.814445553740436878e+02 -1.541049398877404144e+02 1.860871224132347947e+02 8.327552017911440885e+01
4.835654902810145472e+01 5.061893141768084803e+01 -7.375875532115506417e+01 -4.549790456922447390e+01 2.005062794281668204e+01 -7.992867130046955815e+00
6.102804362718125475e+01 7.827342265230251428e+01 -1.275028896318007554e+02 -9.276939277330454559e+01 8.084567929351929649e+01 2.062056850784664519e+01
4.233079753003438839e+01 4.200483493099079624e+01 -5.873340889054568237e+01 -3.416717151182868406e+01 9.442782928108739426e+00 -1.140544066046443739e+01
1.319671608190461711e+02 1.851242800088519971e+02 -3.127616004373991245e+02 -2.395910224432766711e+02 2.382899186399011739e+02 7.989245668664754874e+01
1.627212491147843991e+02 2.184068411696901535e+02 -3.613473605141817870e+02 -2.712168162622288605e+02 2.575647762305517290e+02 7.863474051955972755e+01
9.913516082992609313e+01 1.037210012615481816e+02 -1.488668632530603588e+02 -9.317767275395202375e+01 4.643719346370925649e+01 -1.291492114652086620e+01
1.150392412158354318e+02 1.318161152787200194e+02 -2.003811817812618301e+02 -1.362624571765931307e+02 9.751550205793152770e+01 9.079479674321872196e+00
1.136257122770227568e+02 1.279595113838368832e+02 -1.923518593967105517e+02 -1.290962446782156974e+02 8.822490683435238168e+01 4.544938285594198213e+00
9.499739726607698742e+01 1.020288318956538092e+02 -1.486993604565569456e+02 -9.576997575949744146e+01 5.532682429814128966e+01 -6.327804621475164204e+00
1.559890942771684195e+02 1.896910679839508305e+02 -2.978945396565626993e+02 -2.116732895235621470e+02 1.745306708890298353e+02 3.570298724715452465e+01
1.662741868017786544e+02 2.019518086518920086e+02 -3.168408413431009194e+02 -2.250259193415348591e+02 1.853506248736579778e+02 3.770178466615553248e+01
8.317611146447042358e+01 8.372340836710245071e+01 -1.163183329818965603e+02 -7.008029762812279273e+01 2.794427012199743388e+01 -1.676445033675687313e+01
1.070022524060240414e+02 1.200518494114989778e+02 -1.796611163883505355e+02 -1.204745756209887304e+02 8.236023932296738792e+01 3.976400812480384683e+00
3.563492258509636201e+01 2.610210830371836010e+01 -2.597704347616565812e+01 -6.038203908253493957e+00 -2.448750337561356005e+01 -2.722326094169612887e+01
-4.624792170916997947e+01 -8.037296098697646585e+01 1.471139057367131784e+02 1.220242929971132781e+02 -1.422084563220836628e+02 -6.034771766653372538e+01
6.439095149411089380e+01 7.215598441951156872e+01 -1.078461650816728223e+02 -7.228324896745778005e+01 4.936944033161847045e+01 2.300227401966118190e+00
-6.243474643379548183e+01 -9.454295474021039070e+01 1.645626032273539749e+02 1.304481648743622770e+02 -1.397245443975488968e+02 -5.273100085936087567e+01
-1.322399926782118484e+02 -1.842504259299804517e+02 3.095038018588315367e+02 2.370122700858953237e+02 -2.361734784578779056e+02 -7.882704408935177298e+01
2.037988229054523401e+02 2.642975556241371464e+02 -4.289826614509699994e+02 -3.169957839271872899e+02 2.905812361096769791e+02 8.113869589541491223e+01
1.629603217359022551e+02 2.091404376382576800e+02 -3.376515123508058309e+02 -2.480826351948115018e+02 2.241730490829176006e+02 6.038498813800514853e+01
-1.023847005303625579e+01 -1.951294259599087866e+01 3.678870922308839653e+01 3.123713732548234034e+01 -3.785315067540258127e+01 -1.685694824472533426e+01
2.663493585284266629e+01 3.150044900911215251e+01 -4.862993214965726452e+01 -3.396053219893722286e+01 2.664078580001905294e+01 4.374721285611505195e+00
3.336346867290375773e+00 2.455410899926797619e+00 -2.448200097406621811e+00 -5.939439247399201927e-01 -2.219005600758115815e+00 -2.505336501332077415e+00
1.000149738317743875e+01 1.331549561080910493e+01 -2.189532151745580890e+01 -1.640391679974649008e+01 1.554777970588153657e+01 4.689521747884486835e+00
