0.000000000000000000e+00
1.924247703125093328e-02
3.848495406250186657e-02
5.772743109375279985e-02
7.696990812500373313e-02
9.621238515625465948e-02
1.154548621875055997e-01
1.346973392187565399e-01
1.539398162500074663e-01
1.731822932812583926e-01
1.924247703125093190e-01
2.116672473437602731e-01
2.309097243750111994e-01
2.501522014062621535e-01
2.693946784375130798e-01
2.886371554687640062e-01
3.078796325000149325e-01
3.271221095312658589e-01
3.463645865625167852e-01
3.656070635937677116e-01
3.848495406250186379e-01
4.040920176562696198e-01
4.233344946875205461e-01
4.425769717187714725e-01
4.618194487500223988e-01
4.810619257812733252e-01
5.003044028125243070e-01
5.195468798437752334e-01
5.387893568750261597e-01
5.580318339062770860e-01
5.772743109375280124e-01
5.965167879687789387e-01
6.157592650000298651e-01
6.350017420312807914e-01
6.542442190625317178e-01
6.734866960937826441e-01
6.927291731250335705e-01
7.119716501562844968e-01
7.312141271875354231e-01
7.504566042187863495e-01
7.696990812500372758e-01
7.889415582812883132e-01
8.081840353125392395e-01
8.274265123437901659e-01
8.466689893750410922e-01
8.659114664062920186e-01
8.851539434375429449e-01
9.043964204687938713e-01
9.236388975000447976e-01
9.428813745312957240e-01
9.621238515625466503e-01
9.813663285937975767e-01
1.000608805625048614e+00
1.019851282656299540e+00
1.039093759687550467e+00
1.058336236718801393e+00
1.077578713750052319e+00
1.096821190781303246e+00
1.116063667812554172e+00
1.135306144843805098e+00
1.154548621875056025e+00
1.173791098906306951e+00
1.193033575937557877e+00
1.212276052968808804e+00
1.231518530000059730e+00
1.250761007031310657e+00
1.270003484062561583e+00
1.289245961093812509e+00
1.308488438125063436e+00
1.327730915156314362e+00
1.346973392187565288e+00
1.366215869218816215e+00
1.385458346250067141e+00
1.404700823281318067e+00
1.423943300312568994e+00
1.443185777343819920e+00
1.462428254375070846e+00
1.481670731406321773e+00
1.500913208437572699e+00
1.520155685468823625e+00
1.539398162500074552e+00
1.558640639531325700e+00
1.577883116562576626e+00
1.597125593593827553e+00
1.616368070625078479e+00
1.635610547656329405e+00
1.654853024687580332e+00
1.674095501718831258e+00
1.693337978750082184e+00
1.712580455781333111e+00
1.731822932812584037e+00
1.751065409843834964e+00
1.770307886875085890e+00
1.789550363906336816e+00
1.808792840937587743e+00
1.828035317968838669e+00
1.847277795000089595e+00
1.866520272031340522e+00
1.885762749062591448e+00
1.905005226093842374e+00
