4.028854156645778062e-04 -7.865954271967758871e-01 8.091280511424159272e-04 -2.356792090838622400e+00 6.555840920574595998e-04 1.571619597523465472e+00 7.852890659476710056e-01
2.323671913099196811e-04 -7.881362030509069250e-01 5.871628453473770083e-03 -2.357944026220751166e+00 -9.014457248896629027e-06 1.574868789350324594e+00 7.881499831651714860e-01
-2.791874817540553988e-04 -7.927585306133000387e-01 2.105912966046784990e-02 -2.361399832367137908e+00 -2.002810105167967050e-03 1.584616364830902180e+00 7.967327348176727053e-01
-1.131778603527344154e-03 -8.004624098839552282e-01 4.637163167212456777e-02 -2.367159509277781737e+00 -5.325802851699740388e-03 1.600862323965198231e+00 8.110373209051748855e-01
-2.325406174009948725e-03 -8.112478408628724935e-01 8.180913448844397140e-02 -2.375223056952683987e+00 -9.977992696844222714e-03 1.623606666753212968e+00 8.310637414276781376e-01
-3.860070193201875673e-03 -8.251148235500517236e-01 1.273716381094262828e-01 -2.385590475391842880e+00 -1.595937964060144265e-02 1.652849393194946170e+00 8.568119963851821286e-01
-5.735770661103127381e-03 -8.420633579454933626e-01 1.830591425350715507e-01 -2.398261764595260193e+00 -2.326996368297140974e-02 1.688590503290397615e+00 8.882820857776871915e-01
-7.952507577713702550e-03 -8.620934440491969664e-01 2.488716477653796777e-01 -2.413236924562935037e+00 -3.190974482395411010e-02 1.730829997039567747e+00 9.254740096051933262e-01
-1.051028094303359944e-02 -8.852050818611627570e-01 3.248091538003508028e-01 -2.430515955294867414e+00 -4.187872306354956109e-02 1.779567874442456565e+00 9.683877678677001999e-01
-1.340909075706281893e-02 -9.113982713813906233e-01 4.108716606399847038e-01 -2.450098856791057322e+00 -5.317689840175772453e-02 1.834804135499063849e+00 1.017023360565208367e+00
-1.662999050676243137e-02 -9.405018148981941772e-01 5.064966669431764101e-01 -2.471857635936282271e+00 -6.573042638513243441e-02 1.896177758063243513e+00 1.071062907274262344e+00
-1.992667604662068728e-02 -9.702901468943793128e-01 6.043716708323808584e-01 -2.494128385772479639e+00 -7.857933116115257965e-02 1.958995464219704719e+00 1.126373971281407371e+00
-2.322336158647861706e-02 -1.000078478890561673e+00 7.022466747215754257e-01 -2.516399135608674786e+00 -9.142823593717143427e-02 2.021813170376159707e+00 1.181685035288547070e+00
-2.652004712633652256e-02 -1.029866810886743478e+00 8.001216786107692158e-01 -2.538669885444869934e+00 -1.042771407131901779e-01 2.084630876532613808e+00 1.236996099295686102e+00
-2.981673266619441418e-02 -1.059655142882925283e+00 8.979966824999627839e-01 -2.560940635281064637e+00 -1.171260454892088798e-01 2.147448582689067909e+00 1.292307163302825135e+00
-3.311341820605229885e-02 -1.089443474879107310e+00 9.958716863891562410e-01 -2.583211385117259784e+00 -1.299749502652275679e-01 2.210266288845522009e+00 1.347618227309964389e+00
-3.641010374591020088e-02 -1.119231806875289115e+00 1.093746690278349698e+00 -2.605482134953454487e+00 -1.428238550412463115e-01 2.273083995001976110e+00 1.402929291317103200e+00
-3.970678928576808903e-02 -1.149020138871470920e+00 1.191621694167543266e+00 -2.627752884789649634e+00 -1.556727598172649996e-01 2.335901701158430654e+00 1.458240355324242232e+00
-4.300347482562598411e-02 -1.178808470867652725e+00 1.289496698056736834e+00 -2.650023634625844782e+00 -1.685216645932837154e-01 2.398719407314884755e+00 1.513551419331381265e+00
-4.630016036548387920e-02 -1.208596802863834752e+00 1.387371701945930402e+00 -2.672294384462039485e+00 -1.813705693693024312e-01 2.461537113471338856e+00 1.568862483338520519e+00
-4.959684590534176735e-02 -1.238385134860016557e+00 1.485246705835123970e+00 -2.694565134298234632e+00 -1.942194741453211471e-01 2.524354819627792956e+00 1.624173547345659330e+00
-5.289353144519966243e-02 -1.268173466856198583e+00 1.583121709724317538e+00 -2.716835884134429779e+00 -2.070683789213398629e-01 2.587172525784247501e+00 1.679484611352798362e+00
-5.619021698505755752e-02 -1.297961798852380388e+00 1.680996713613510884e+00 -2.739106633970624483e+00 -2.199172836973585510e-01 2.649990231940701157e+00 1.734795675359937395e+00
-5.946691706154002416e-02 -1.327569545345053559e+00 1.778278370857430790e+00 -2.761242372065537687e+00 -2.326882946880250713e-01 2.712427118953036675e+00 1.789771427663668479e+00
-6.247633018330806670e-02 -1.354762128957003764e+00 1.867624569466939111e+00 -2.781572453894194386e+00 -2.444175488634068028e-01 2.769770904673876544e+00 1.840262698301877720e+00
-6.514470685636669645e-02 -1.378873160860690783e+00 1.946845767271781824e+00 -2.799598664958591776e+00 -2.548176059401754401e-01 2.820616306740995949e+00 1.885032134505084667e+00
-6.747204708071594115e-02 -1.399902641056115282e+00 2.015941964271959819e+00 -2.815321005258731635e+00 -2.638884659183310943e-01 2.864963325154395779e+00 1.924079736273289321e+00
-6.945835085635583550e-02 -1.417850569543277262e+00 2.074913160467473983e+00 -2.828739474794613962e+00 -2.716301287978739598e-01 2.902811959914076478e+00 1.957405503606492791e+00
-7.110361818328636563e-02 -1.432716946322176943e+00 2.123759355858324316e+00 -2.839854073566237869e+00 -2.780425945788038700e-01 2.934162211020038047e+00 1.985009436504694635e+00
-7.240784906150762867e-02 -1.444501771392814771e+00 2.162480550444512595e+00 -2.848664801573604688e+00 -2.831258632611212689e-01 2.959014078472281817e+00 2.006891534967896185e+00
-7.337104349101961076e-02 -1.453205044755190967e+00 2.191076744226040152e+00 -2.855171658816713975e+00 -2.868799348448261011e-01 2.977367562270808232e+00 2.023051798996097439e+00
-7.419958727830573697e-02 -1.458135339454490254e+00 2.210409834742535384e+00 -2.859722850592388177e+00 -2.895929416557326275e-01 2.991529581719695408e+00 2.034272373642733722e+00
-7.577960746573310369e-02 -1.455921571679167803e+00 2.223351532848519163e+00 -2.863648746800812273e+00 -2.924207238504428208e-01 3.011149082102257513e+00 2.043489464981742554e+00
-7.798566447022030335e-02 -1.446295802494763194e+00 2.227960462664450692e+00 -2.866456107713314161e+00 -2.950491740053511891e-01 3.034386275058624793e+00 2.049506058732545988e+00
-8.032077717696142760e-02 -1.431115840673495843e+00 2.222558368442265841e+00 -2.867385357532099999e+00 -2.968234088608662224e-01 3.055808692523196868e+00 2.050640946373034623e+00
-8.232407498122930323e-02 -1.412807062349445086e+00 2.207036062735113990e+00 -2.866019595761744920e+00 -2.972780144430997584e-01 3.070825390566154223e+00 2.046071779863300133e+00
-8.376867858878528361e-02 -1.392612787077914804e+00 2.181441436035150616e+00 -2.862173780942097068e+00 -2.961938404420814130e-01 3.077207702292200864e+00 2.035445474150260559e+00
-8.561839061758375058e-02 -1.365417849208485856e+00 2.145914130669985376e+00 -2.856702141965221209e+00 -2.945354943824102234e-01 3.084529123077991208e+00 2.020436622776465185e+00
-8.798460508894791199e-02 -1.330629160735560701e+00 2.100466394603612841e+00 -2.849702635486596414e+00 -2.924140817604289899e-01 3.093894933293074523e+00 2.001236790172091329e+00
-9.086732200287779559e-02 -1.288246721659139116e+00 2.045098227836031679e+00 -2.841175261506224015e+00 -2.898296025761376016e-01 3.105305132937451251e+00 1.977845976337137879e+00
-9.426654074479574874e-02 -1.238270541014898418e+00 1.979809642171397988e+00 -2.831120021842086221e+00 -2.867820573805312523e-01 3.118759719578535705e+00 1.950264186258384047e+00
-9.818226149472743247e-02 -1.180700616156055149e+00 1.904600634151969452e+00 -2.819536915961650791e+00 -2.832714460122093270e-01 3.134258693928895667e+00 1.918491418475073207e+00
-1.026144846872249911e-01 -1.115536940693713674e+00 1.819471195431330290e+00 -2.806425942579465538e+00 -2.792977680815771357e-01 3.151802057708549487e+00 1.882527669461182551e+00
-1.075512431039553352e-01 -1.042955459723093892e+00 1.724651179637218812e+00 -2.791822501961766179e+00 -2.748717527124436288e-01 3.171342442981467613e+00 1.842470043089379894e+00
-1.126470580032775254e-01 -9.680354897906950917e-01 1.626776175748003261e+00 -2.776748555862064816e+00 -2.703031363940462950e-01 3.191512396219362557e+00 1.801121807655143847e+00
-1.177428729026004928e-01 -8.931155198582845234e-01 1.528901171858772390e+00 -2.761674609762361232e+00 -2.657345200756482950e-01 3.211682349457260166e+00 1.759773572220901361e+00
-1.228386878019242234e-01 -8.181955499258631859e-01 1.431026167969527529e+00 -2.746600663662654984e+00 -2.611659037572495734e-01 3.231852302695161328e+00 1.718425336786652879e+00
-1.279345027012479263e-01 -7.432755799934422924e-01 1.333151164080283113e+00 -2.731526717562948736e+00 -2.565972874388509073e-01 3.252022255933061601e+00 1.677077101352404620e+00
-1.330303176005716570e-01 -6.683556100610208439e-01 1.235276160191038031e+00 -2.716452771463242932e+00 -2.520286711204522412e-01 3.272192209170961874e+00 1.635728865918156139e+00
-1.381923257849504982e-01 -5.935167427081876612e-01 1.137400956233991511e+00 -2.701285682418740119e+00 -2.474194062813961925e-01 3.292336843660649937e+00 1.594424087765850651e+00
-1.433543234176083425e-01 -5.186780283343540576e-01 1.039525952344788173e+00 -2.686118624377460407e+00 -2.428101508641920259e-01 3.312481436972456006e+00 1.553119394045122448e+00
-1.485163210502661590e-01 -4.438393139605207316e-01 9.416509484555856124e-01 -2.670951566336180694e+00 -2.382008954469878870e-01 3.332626030284262519e+00 1.511814700324394911e+00
-1.536783186829240866e-01 -3.690005995866860733e-01 8.437759445663809421e-01 -2.655784508294900093e+00 -2.335916400297836093e-01 3.352770623596068589e+00 1.470510006603666264e+00
-1.588403163155819031e-01 -2.941618852128525807e-01 7.459009406771779371e-01 -2.640617450253620824e+00 -2.289823846125794704e-01 3.372915216907874658e+00 1.429205312882938284e+00
-1.640023139482397474e-01 -2.193231708390191714e-01 6.480259367879749322e-01 -2.625450392212341555e+00 -2.243731291953753315e-01 3.393059810219680728e+00 1.387900619162210747e+00
-1.691643115808975639e-01 -1.444844564651855956e-01 5.501509328987717051e-01 -2.610283334171061398e+00 -2.197638737781711371e-01 3.413204403531486797e+00 1.346595925441482544e+00
-1.743263092135554082e-01 -6.964574209135199201e-02 4.522759290095685891e-01 -2.595116276129781685e+00 -2.151546183609669705e-01 3.433348996843293310e+00 1.305291231720754563e+00
-1.794883068462132525e-01 5.192972282481500557e-03 3.544009251203654176e-01 -2.579949218088501972e+00 -2.105453629437628038e-01 3.453493590155099824e+00 1.263986538000026805e+00
-1.846503044788710968e-01 8.003168665631504863e-02 2.565259212311623571e-01 -2.564782160047222259e+00 -2.059361075265586649e-01 3.473638183466905449e+00 1.222681844279298824e+00
-1.898123021115289411e-01 1.548704010301485412e-01 1.586509173419592966e-01 -2.549615102005942546e+00 -2.013268521093544705e-01 3.493782776778711963e+00 1.181377150558570843e+00
-1.949742997441862857e-01 2.297091154039747618e-01 6.077591345276572854e-02 -2.534448043964664166e+00 -1.967175966921507757e-01 3.513927370090516256e+00 1.140072456837847081e+00
-2.001344554701695866e-01 3.045211257889021694e-01 -3.706416662674993923e-02 -2.519286397840907021e+00 -1.921099859518569097e-01 3.534064775398081171e+00 1.098782501479370843e+00
-2.049906376631688565e-01 3.749261236118173191e-01 -1.291407007226706427e-01 -2.505017891262315999e+00 -1.877737995230988055e-01 3.553015930026107938e+00 1.059924847445420815e+00
-2.093230411813709613e-01 4.377373708312347622e-01 -2.112860330860447389e-01 -2.492288358958175465e+00 -1.839053060043395749e-01 3.569923048771120211e+00 1.025258306867833591e+00
-2.131316660247759565e-01 4.929548674471551650e-01 -2.835001637168731436e-01 -2.481097800928484975e+00 -1.805045053955791068e-01 3.584786131633118877e+00 9.947828797466087281e-01
-2.164165121933838420e-01 5.405786134595782499e-01 -3.457830926151553852e-01 -2.471446217173244086e+00 -1.775713976968174568e-01 3.597605178612104382e+00 9.684985660817464481e-01
-2.191775796871946180e-01 5.806086088685045166e-01 -3.981348197808922684e-01 -2.463333607692453686e+00 -1.751059829080545416e-01 3.608380189708075392e+00 9.464053658732465291e-01
-2.214148685062083122e-01 6.130448536739341314e-01 -4.405553452140839044e-01 -2.456759972486112886e+00 -1.731082610292904167e-01 3.617111164921032795e+00 9.285032791211089709e-01
-2.231283786504248967e-01 6.378873478758660953e-01 -4.730446689147290718e-01 -2.451725311554222131e+00 -1.715782320605251099e-01 3.623798104250977037e+00 9.147923058253339956e-01
-2.243181101198443717e-01 6.551360914743015185e-01 -4.956027908828289918e-01 -2.448229624896781420e+00 -1.705158960017585656e-01 3.628441007697907672e+00 9.052724459859212702e-01
-2.249840629144667092e-01 6.647910844692394017e-01 -5.082297111183826654e-01 -2.446272912513790754e+00 -1.699212528529908395e-01 3.631039875261823813e+00 8.999436996028711278e-01
