0.000000000000000000e+00
9.000000400000000844e-02
1.800000070000000174e-01
2.700000110000000397e-01
3.600000140000000348e-01
4.500000180000000571e-01
5.400000210000001077e-01
6.300000250000000745e-01
7.200000290000000414e-01
8.100000320000000364e-01
9.000000360000000033e-01
9.900000389999999983e-01
1.080000043000000076e+00
1.170000046000000182e+00
1.260000050000000149e+00
1.350000054000000116e+00
1.440000057000000222e+00
1.530000061000000189e+00
1.620000064000000295e+00
1.710000068000000262e+00
1.800000072000000229e+00
1.890000075000000335e+00
1.980000079000000301e+00
2.070000082000000408e+00
2.160000086000000596e+00
2.250000089000000703e+00
2.340000093000000891e+00
2.430000097000001080e+00
2.520000100000001186e+00
2.610000104000001375e+00
2.700000107000001481e+00
2.790000111000001670e+00
2.880000114000001776e+00
2.970000118000001965e+00
3.060000122000002154e+00
3.150000125000002260e+00
3.240000129000002449e+00
3.330000132000002555e+00
3.420000136000002744e+00
3.510000139000002850e+00
3.600000143000003039e+00
3.690000147000003228e+00
3.780000150000003334e+00
3.870000154000003523e+00
3.960000157000003629e+00
4.050000161000003374e+00
4.140000165000003562e+00
4.230000168000003669e+00
4.320000172000003857e+00
4.410000176000004046e+00
4.500000179000004152e+00
4.590000183000004341e+00
4.680000186000004447e+00
4.770000190000004636e+00
4.860000193000004742e+00
4.950000197000004931e+00
5.040000201000005120e+00
5.130000204000005226e+00
5.220000208000005415e+00
5.310000211000005521e+00
5.400000215000005710e+00
5.490000218000005816e+00
5.580000222000006005e+00
5.670000226000006194e+00
5.760000229000006300e+00
5.850000233000006489e+00
5.940000236000006595e+00
6.030000240000006784e+00
6.120000244000006973e+00
6.210000247000007079e+00
6.300000251000007268e+00
