3.141592741012599888e+00 3.141596794128400205e+00 3.141592979431199861e+00 3.141592025756799966e+00 3.141592741012599888e+00 3.141592264175399940e+00
3.136065892892674345e+00 3.137306967198647989e+00 3.145514108739941417e+00 3.143086933473014710e+00 3.142827458688192799e+00 3.144311806874201309e+00
3.119810783781263641e+00 3.124698155213087247e+00 3.157016955145137693e+00 3.147463188597057204e+00 3.146465583216757622e+00 3.152312333593279448e+00
3.093792445119640799e+00 3.104543331330600342e+00 3.175328901604263621e+00 3.154399168960277056e+00 3.152311213884626095e+00 3.165124924401476747e+00
3.060072078220265723e+00 3.078479193859402940e+00 3.198852132450634489e+00 3.163244154942186803e+00 3.159933844358838506e+00 3.181744172385392755e+00
3.021425089941967013e+00 3.048703201422008124e+00 3.225458369068630482e+00 3.173138147979779333e+00 3.168747958389948938e+00 3.200814159876514076e+00
2.979978422418760875e+00 3.016918427458310514e+00 3.253446199695297913e+00 3.183374123409215883e+00 3.178319042705828323e+00 3.221299146944735625e+00
2.938101788997223185e+00 2.985022859286300179e+00 3.280917633529153221e+00 3.193163306755229414e+00 3.188161818575784512e+00 3.242043832019486427e+00
2.898341936380757655e+00 2.955056214288904304e+00 3.305832458498353166e+00 3.201658553218126091e+00 3.197752389143866836e+00 3.261804462852543995e+00
2.863324112672511745e+00 2.929120993663024919e+00 3.326086962629575705e+00 3.207987399693864816e+00 3.206547333356840390e+00 3.279295891826495613e+00
2.835599997853845977e+00 2.909264852164271886e+00 3.339619996268031077e+00 3.211292385982435604e+00 3.214016794567990498e+00 3.293265385630133490e+00
2.818107432308170957e+00 2.897744048263247496e+00 3.344431598561540486e+00 3.210842138234359489e+00 3.219470706021974049e+00 3.302248548662886751e+00
2.811713969703515392e+00 2.895203851270573558e+00 3.340005362875827277e+00 3.206475708694381144e+00 3.222677367937319737e+00 3.305797954626013890e+00
2.816424124830191555e+00 2.901662248962408430e+00 3.326278949852658595e+00 3.198158794714417663e+00 3.223626877895433562e+00 3.303895844432301221e+00
2.832222792889800278e+00 2.917121660028892727e+00 3.303203716303995119e+00 3.185864158389216438e+00 3.222308243525437543e+00 3.296529255245705503e+00
2.859039755650334858e+00 2.941545415520024243e+00 3.270754396310783463e+00 3.169571438397716712e+00 3.218718208404849346e+00 3.283706260619217776e+00
2.896503999357065595e+00 2.974645884210545432e+00 3.229181551168840869e+00 3.149387040463886400e+00 3.212899805224668892e+00 3.265572613633132892e+00
2.942704029545693878e+00 3.014829595325092981e+00 3.180237801432004296e+00 3.126110270937494828e+00 3.205164949022214049e+00 3.243018879681219602e+00
2.994711678668437571e+00 3.059685567688676056e+00 3.126504827910236983e+00 3.100885217448122955e+00 3.196041425517985868e+00 3.217439970832401297e+00
3.049670096391666085e+00 3.106896110685233303e+00 3.070374001124521079e+00 3.074740820096166338e+00 3.186071209233407586e+00 3.190204112199109154e+00
3.105118995903849655e+00 3.154489912599471868e+00 3.013811395121815728e+00 3.048502425870838195e+00 3.175731688747365222e+00 3.162486856671299140e+00
3.158611130083562646e+00 3.200506195444977386e+00 2.958772338052679363e+00 3.022990797130478136e+00 3.165497754681788845e+00 3.135457512727326979e+00
3.207710928231501057e+00 3.242993536661044285e+00 2.907202829183503034e+00 2.999022779562066532e+00 3.155842034433993248e+00 3.110279812136941491e+00
3.249493240503988023e+00 3.279567068395869534e+00 2.861603019909753520e+00 2.977676628910146839e+00 3.147339223202792358e+00 3.088378839354610328e+00
3.281088588867393963e+00 3.307832855327930588e+00 2.824646300817273747e+00 2.960135387665700168e+00 3.140581153609657505e+00 3.071206044699444249e+00
3.301605299521439996e+00 3.327051387245651526e+00 2.797155268269840178e+00 2.946750711559651403e+00 3.135783475901948503e+00 3.059239403703350124e+00
3.311154146536210874e+00 3.337355404000617476e+00 2.778875388548464720e+00 2.937376749748404237e+00 3.132945432105816330e+00 3.052422692402676052e+00
3.309640389078461808e+00 3.338686574085937053e+00 2.769819024304538413e+00 2.932000014964510015e+00 3.132104283220152663e+00 3.050809595987769463e+00
3.297034831395212695e+00 3.331031001791431301e+00 2.769977335434530730e+00 2.930604599566090318e+00 3.133283114087560328e+00 3.054425249640047024e+00
3.273337344579884789e+00 3.314401716031877054e+00 2.779302463448725113e+00 2.933157119129531143e+00 3.136493795286913855e+00 3.063273928534203883e+00
3.238565942070125825e+00 3.288822565805757936e+00 2.797746305500406816e+00 2.939627207017152966e+00 3.141743620798367331e+00 3.077352107605292098e+00
3.193123745047532935e+00 3.254670858460487537e+00 2.824792521883742857e+00 2.949747575474669592e+00 3.149002889326560251e+00 3.096476486045940835e+00
3.138002380773857958e+00 3.212872762312057873e+00 2.859186180280939293e+00 2.962866201874597927e+00 3.158215793651027337e+00 3.120208286301961120e+00
3.075030611284899074e+00 3.164984330888418462e+00 2.899178168683913093e+00 2.978141599879667645e+00 3.169212174768301971e+00 3.147771223244218763e+00
3.006102698943059703e+00 3.112614638737515094e+00 2.942966879169492067e+00 2.994708567494570151e+00 3.181814773278663022e+00 3.178361952192124029e+00
2.933169814298269173e+00 3.057420095187738607e+00 2.988700212226186981e+00 3.011678318625418349e+00 3.195840260393923327e+00 3.211152976403247816e+00
2.858236043768676460e+00 3.001101549394853851e+00 3.034477511351954870e+00 3.028139131809850060e+00 3.211099782952976156e+00 3.245294193912592995e+00
2.783035154437783820e+00 2.945165416796500235e+00 3.078533794761209030e+00 3.043217336196821776e+00 3.227471857271864586e+00 3.280063458218660966e+00
2.709747215309666224e+00 2.891464883965785493e+00 3.118792736647025610e+00 3.055913605067097194e+00 3.244758902271327461e+00 3.314540542523247257e+00
2.641631363981528757e+00 2.842628220124296057e+00 3.152635867770009703e+00 3.065080147534130717e+00 3.262481244896999755e+00 3.347284626313537625e+00
2.581368097941914908e+00 2.800793187765039605e+00 3.177985078149951903e+00 3.069832292217336889e+00 3.280196360301121494e+00 3.377086251479204382e+00
2.531699187297264064e+00 2.767994965069779933e+00 3.193225524795591852e+00 3.069635155005903115e+00 3.297237187690693627e+00 3.402624618012551672e+00
2.493032301848522092e+00 2.744538876870834532e+00 3.198095949719564679e+00 3.064404966717776624e+00 3.313474635635334842e+00 3.423678118462874842e+00
2.465408127962005924e+00 2.730465749067596093e+00 3.192525739416375963e+00 3.054109998326162145e+00 3.328883384441752025e+00 3.440208908257516907e+00
2.448862986365655914e+00 2.725807035453617466e+00 3.176469915500366614e+00 3.038733874858622119e+00 3.343437212553358240e+00 3.452183174853725500e+00
2.443410477027140981e+00 2.730580932869434374e+00 3.149886305285483967e+00 3.018255519298923772e+00 3.357125020797817605e+00 3.459583596338946965e+00
2.449077629611963847e+00 2.744890790772954503e+00 3.112467989518395317e+00 2.992467343092863885e+00 3.370031161653184171e+00 3.462423486011485085e+00
2.465315061263933849e+00 2.768305118041719304e+00 3.064559676017251100e+00 2.961535974896170043e+00 3.382107996736157141e+00 3.460857121939779457e+00
2.491909870346118883e+00 2.800765171017632227e+00 3.005859308812659947e+00 2.925261886042727522e+00 3.393316762983569213e+00 3.454891831264185420e+00
2.528194060367978224e+00 2.841473171024287314e+00 2.937679771832267139e+00 2.884514796842546858e+00 3.403145579746375660e+00 3.444521904171383486e+00
2.573350299928404361e+00 2.889542602793838455e+00 2.861344681467016038e+00 2.840139694953361715e+00 3.411143398438845953e+00 3.429821120838586701e+00
2.626615069637701971e+00 2.944166730189770931e+00 2.778007579314632824e+00 2.792873784121937319e+00 3.416892454310053395e+00 3.410852909983276060e+00
2.687217663604299922e+00 3.004530472621857573e+00 2.688831764916694400e+00 2.743463093013495335e+00 3.419960932962551325e+00 3.387675020773550649e+00
2.754396281037263527e+00 3.069822821132762058e+00 2.594977546004946678e+00 2.692658196084550148e+00 3.419895551063301120e+00 3.360329355788586270e+00
2.827303053589403259e+00 3.139143643277267248e+00 2.497736911166878127e+00 2.641288224284935371e+00 3.416217871293273145e+00 3.328878509277554354e+00
2.904980349448627042e+00 3.211487079637868725e+00 2.398546949121246996e+00 2.590263058347021197e+00 3.408438378134495572e+00 3.293422165281258973e+00
2.985535331737924292e+00 3.285002079099397676e+00 2.299961293238397708e+00 2.541043761219651476e+00 3.396220976587506879e+00 3.254516163652870997e+00
3.067606925371867632e+00 3.358374417178413562e+00 2.203738312468150440e+00 2.494640186989911967e+00 3.379294952943514563e+00 3.212535253745681718e+00
3.150170567265761168e+00 3.430610012956133659e+00 2.111193239700430713e+00 2.451824547915439911e+00 3.357388603944005290e+00 3.167719302077443899e+00
3.232252972707253758e+00 3.500766431762778463e+00 2.023570501626362095e+00 2.413325762873563818e+00 3.330250007533440471e+00 3.120299481989652790e+00
3.312931019343348105e+00 3.567951752422341638e+00 1.942045282727612676e+00 2.379830421020402209e+00 3.297646563819937260e+00 3.070498447564268041e+00
3.391330641023254877e+00 3.631323444501067144e+00 1.867725075453675387e+00 2.351983736939603720e+00 3.259364540089876083e+00 3.018530506004521552e+00
3.466623300676356489e+00 3.690085396134003215e+00 1.801653255080762461e+00 2.330391101847447466e+00 3.215210179790240819e+00 2.964603602759471990e+00
3.537778571338447087e+00 3.743307534665049285e+00 1.744994372330734400e+00 2.315657817220010184e+00 3.165200374790643423e+00 2.909121397348335858e+00
3.603097955689888554e+00 3.789658211297264323e+00 1.699204598600630112e+00 2.308286560403076226e+00 3.110186132799269032e+00 2.853208700562510192e+00
3.662224371997719441e+00 3.828891072746105184e+00 1.664475010188012805e+00 2.308300951968625725e+00 3.050389605154647743e+00 2.797117715358718115e+00
3.715024003810309505e+00 3.860926959031437899e+00 1.640825125712327415e+00 2.315677804840639453e+00 2.985893470126935068e+00 2.740937779381635853e+00
3.761349167313478681e+00 3.885682530576813676e+00 1.628275648424294841e+00 2.330381520958213493e+00 2.916826400105417161e+00 2.684790251781098203e+00
3.801177477518178360e+00 3.903140842734160287e+00 1.626818964646805199e+00 2.352417595410420503e+00 2.843138749881032101e+00 2.628650330089103537e+00
3.834352795128559421e+00 3.913222510549295485e+00 1.636465097523667866e+00 2.381726829437647019e+00 2.765022680850577341e+00 2.572679473563131314e+00
3.860835126650214999e+00 3.915905953508594717e+00 1.657205854449792293e+00 2.418297316597588953e+00 2.682488350815512401e+00 2.516894201785947693e+00
3.880569918228930160e+00 3.911159350878730567e+00 1.689045295691686821e+00 2.462118536067177121e+00 2.595564181557202588e+00 2.461327349636113659e+00
3.893498095243101087e+00 3.898956395446946388e+00 1.731971374626284144e+00 2.513159030803352678e+00 2.504320008675376297e+00 2.406036786858369414e+00
3.899575992121270485e+00 3.879270769034210975e+00 1.785989560477248661e+00 2.571412461389523951e+00 2.408775780251364296e+00 2.351047291027348773e+00
3.898759508859000356e+00 3.852078062700970751e+00 1.851101616443983966e+00 2.636867071928085338e+00 2.308963591550883265e+00 2.296390830110334846e+00
3.891040858899592170e+00 3.817468666497552121e+00 1.927069559354305905e+00 2.709288325302304123e+00 2.205225192910926335e+00 2.242256081994370653e+00
3.876661459073017735e+00 3.776039891351157252e+00 2.012684739638149534e+00 2.787602805358611047e+00 2.098950206603961366e+00 2.189312271800191390e+00
3.855965892633764103e+00 3.728255613825930848e+00 2.107170482100007458e+00 2.871232921062617738e+00 1.990668930766298139e+00 2.137715622656270131e+00
3.829333761106922474e+00 3.674580705836378414e+00 2.209785516109730619e+00 2.959655684539622911e+00 1.880797339547360503e+00 2.087546165141485499e+00
3.797179785375798922e+00 3.615513034877374743e+00 2.319746325992229075e+00 3.052324285220357147e+00 1.769757197383511560e+00 2.038873820667723713e+00
3.760124115752935481e+00 3.551871229624495641e+00 2.435705606191554295e+00 3.148238893107284220e+00 1.658469474949995970e+00 1.991964031363631760e+00
3.719227667998957987e+00 3.485109121920685560e+00 2.555233918520466663e+00 3.245557910384045730e+00 1.548723424300552765e+00 1.947389787700738673e+00
3.675347161176398814e+00 3.416238857450933697e+00 2.676763237506074589e+00 3.343191716394247504e+00 1.441355856756318277e+00 1.905279184112327551e+00
3.629283930786090906e+00 3.346166787239365448e+00 2.798925979258319430e+00 3.440220246085266442e+00 1.337000028969312915e+00 1.865669999390402456e+00
3.581833429628308973e+00 3.275787641329642508e+00 2.920377664239593329e+00 3.535742374179932312e+00 1.236268329038144431e+00 1.828591046540783971e+00
3.533777181459616834e+00 3.205976361731937452e+00 3.039808193473038767e+00 3.628882863063219943e+00 1.139748966879991166e+00 1.794063426705435171e+00
3.485876202261050771e+00 3.137581805651965539e+00 3.155950124138512614e+00 3.718797108815551589e+00 1.048004653955630694e+00 1.762102312612211730e+00
3.439217780959562987e+00 3.071914257787565550e+00 3.266756348204530980e+00 3.804038949396447045e+00 9.622079244621009053e-01 1.732932429244196770e+00
3.394858010774840729e+00 3.010226239319978792e+00 3.370288160438710268e+00 3.883253241420733470e+00 8.834233861288833811e-01 1.706731319694414495e+00
3.353472488976152022e+00 2.953245111242306375e+00 3.465485668267345609e+00 3.955754549142492138e+00 8.120558397893002933e-01 1.683460676685677671e+00
3.315354336039615823e+00 2.901196251744952548e+00 3.552109045253211583e+00 4.021466999360935546e+00 7.479434864454324039e-01 1.662918332631398544e+00
3.280571093738807953e+00 2.854029308626384598e+00 3.630352544651717306e+00 4.080624299891123741e+00 6.906664397286720325e-01 1.644847318047875540e+00
3.249222689435427913e+00 2.811766372371317324e+00 3.700268107013008123e+00 4.133335020506182289e+00 6.399651656564065982e-01 1.629066369444523987e+00
3.221027338196327250e+00 2.773939594723150215e+00 3.762698868311482592e+00 4.180288965570764681e+00 5.950552171467100582e-01 1.615252917737927341e+00
3.195479362633589560e+00 2.739806792998055851e+00 3.818920194316032468e+00 4.222484843039123525e+00 5.548929333226755301e-01 1.603028265966238930e+00
3.173333999223887592e+00 2.710323640350454255e+00 3.867400372690085852e+00 4.258806278928653377e+00 5.204664011845843152e-01 1.592644309622282206e+00
3.155818923895636896e+00 2.687070184920741234e+00 3.905584733653780560e+00 4.287373343362004263e+00 4.934810757524791813e-01 1.584565098338893474e+00
3.143160385921030642e+00 2.670298991464290950e+00 3.933096861316130788e+00 4.307934431926537577e+00 4.741071992634594556e-01 1.578796978997163203e+00
3.135505961608851422e+00 2.660171445938146029e+00 3.949699442836704932e+00 4.320333669229734497e+00 4.624433361339455040e-01 1.575337235902530386e+00
3.132944583892800061e+00 2.656784772872900380e+00 3.955249547958399781e+00 4.324477195739699908e+00 4.585487842559801686e-01 1.574184179306000075e+00
