-2.999999546024061203e+01 -2.328903595092932477e+01 2.129748598007135740e+01 8.123676611824651062e+00 6.699081953334351525e+00 1.476088297826421503e+01
-2.911855165479589758e+01 -2.258301193736787127e+01 2.059181151129663689e+01 7.829884717216762269e+00 6.520266384310444252e+00 1.433268515125885223e+01
-2.650466887011307904e+01 -2.048933609652617704e+01 1.849911481109987221e+01 6.958722864666381014e+00 5.989720138335274058e+00 1.306263283837600042e+01
-2.224969300114609894e+01 -1.708119702793219830e+01 1.509237599786324679e+01 5.540832547993344903e+00 5.125144598698494036e+00 1.099434954401538356e+01
-1.332975350355665256e+01 -1.004553580928485346e+01 8.350917701934092108e+00 2.844599326351484603e+00 3.221948376447107520e+00 6.630493334756835111e+00
-7.620413935183272258e+00 -5.472617069051857186e+00 3.778831266988165183e+00 9.432558314882673045e-01 2.056817656409950512e+00 3.850698436164178062e+00
-1.201476124341624541e+00 -3.314570092886945929e-01 -1.362294772817987720e+00 -1.193378548161219577e+00 7.425329485447251798e-01 7.214762206921498944e-01
5.698725175742982429e+00 5.194996895237993684e+00 -6.890034077148516900e+00 -3.488710136073953638e+00 -6.766580993782245201e-01 -2.648128870012959268e+00
1.281408366576683378e+01 1.089353366902216003e+01 -1.259178301192421046e+01 -5.853474991821690843e+00 -2.149188314010376022e+00 -6.131034066393509008e+00
1.984072150034822357e+01 1.652067883581862873e+01 -1.822476064932273232e+01 -8.185738911071055668e+00 -3.616170996425124073e+00 -9.582118270980693353e+00
2.991370869414619449e+01 2.417904977098206842e+01 -2.479264975352588607e+01 -1.049915221029311674e+01 -6.032182229049887212e+00 -1.460955593507331685e+01
3.001112823678831987e+01 2.427772613308417959e+01 -2.495910366143279191e+01 -1.057624790778343460e+01 -6.079291846171945402e+00 -1.469251306747282193e+01
2.999910568418195211e+01 2.432270982570201667e+01 -2.516645077380173134e+01 -1.070063264792125324e+01 -6.089218799554224404e+00 -1.472580033996034032e+01
3.000014039576266001e+01 2.437551760805518697e+01 -2.537855334493395532e+01 -1.082028228644603907e+01 -6.117980525730972730e+00 -1.477897008738347928e+01
2.971707517441625868e+01 2.416654304608681514e+01 -2.524155811292429519e+01 -1.075610284985829956e+01 -6.131719025979339044e+00 -1.471590048851829202e+01
2.945319465166847550e+01 2.403780051659877159e+01 -2.536861659255402657e+01 -1.085627547899408185e+01 -6.132341162977960281e+00 -1.467948777300276397e+01
2.436426061420755573e+01 1.978793725671819459e+01 -2.067609476741416330e+01 -8.708235250739670974e+00 -5.312986227450760879e+00 -1.231484902585619245e+01
1.668341211889259768e+01 1.347403647619418976e+01 -1.394493261068625678e+01 -5.731565317692437489e+00 -3.930246493626561310e+00 -8.662668185677970811e+00
7.962914629718973458e+00 6.353767967223312496e+00 -6.470022996669042570e+00 -2.480213801576636623e+00 -2.285538987868652505e+00 -4.471908442987065690e+00
1.322016240206239868e+00 1.032961698557650854e+00 -1.164006969765370103e+00 -2.529751127621490681e-01 -9.968733919971450863e-01 -1.298856099666994668e+00
-5.287284728496808306e+00 -4.262527968779934895e+00 4.116764280133943466e+00 1.963664719704047101e+00 2.856677226636839539e-01 1.859105184319271853e+00
-1.186505106455260972e+01 -9.532751342224480950e+00 9.372340917160848051e+00 4.169726757776540005e+00 1.562096523462242814e+00 5.002005394333223443e+00
-1.841134550617213961e+01 -1.477775868918866387e+01 1.460277306553895826e+01 6.365232046653967579e+00 2.832425168067135512e+00 8.129874491881324161e+00
-2.706672647028278789e+01 -2.201739861811558896e+01 2.273729918461223320e+01 9.979752581571226244e+00 4.609349560644263377e+00 1.250987162779131268e+01
-3.005467937608744222e+01 -2.454361457185438766e+01 2.567905675295497048e+01 1.127500383487977231e+01 5.321647363575854328e+00 1.412652051441335566e+01
-2.905393647496763165e+01 -2.355108971462967915e+01 2.414463141479873798e+01 1.047717279393427425e+01 5.164616252719727463e+00 1.358558159615342120e+01
-3.002142654655357035e+01 -2.436337799263817416e+01 2.508370370552959017e+01 1.087763216539181954e+01 5.426191389322899461e+00 1.413459053889006967e+01
-2.996597790276849338e+01 -2.425373303232805000e+01 2.479352993917336789e+01 1.069768312963464219e+01 5.447235108073106069e+00 1.410418049691951659e+01
-2.999502616766694274e+01 -2.426179535866472747e+01 2.476869494795190718e+01 1.066414673260271861e+01 5.493028790534394190e+00 1.414724106975695150e+01
-2.986089128039436247e+01 -2.413843514609813923e+01 2.460892983341994977e+01 1.057541643639391182e+01 5.500466410575906906e+00 1.410583768985949149e+01
-2.811950157940092154e+01 -2.266358922241134621e+01 2.295293632881513091e+01 9.790658285658093263e+00 5.295556761051110506e+00 1.333987462913987798e+01
-2.625598086207827819e+01 -2.073764979027786026e+01 1.991267212825706423e+01 8.123834168630457597e+00 5.293608322426590185e+00 1.249120460037630664e+01
-2.120614803331578457e+01 -1.645248061984037236e+01 1.512531107356784510e+01 5.827933225348874480e+00 4.816671522026268804e+00 1.034862462419388507e+01
-1.610697221841158111e+01 -1.211960577442342135e+01 1.027058018445868370e+01 3.495527793454811238e+00 4.340757877485622807e+00 8.186293374755935659e+00
-1.082732954882994036e+01 -7.638461155000538128e+00 5.262253628578324793e+00 1.092757990373523169e+00 3.843908388589384550e+00 5.947078737453158404e+00
-5.414985036843058985e+00 -3.045055277421247375e+00 1.292363749241910997e-01 -1.369487367799923305e+00 3.333881980245354093e+00 3.651247581456159796e+00
1.314159683655745647e-01 1.661757116338122842e+00 -5.129742098514296522e+00 -3.891813613172430131e+00 2.810542781635118725e+00 1.298221292586757780e+00
3.945269549681479582e+00 5.146555059929594833e+00 -9.595973518682331616e+00 -6.230227331983547501e+00 2.766322698809606351e+00 -2.109641666749335620e-01
1.371479233345683646e+01 1.296218942176882472e+01 -1.722836177092271370e+01 -9.518340114072083580e+00 1.253200137677049186e+00 -4.553833523614292389e+00
2.070961649465808208e+01 1.858423465691305054e+01 -2.279947115354519127e+01 -1.193288562475230030e+01 1.557251413518825345e-01 -7.689295550139549462e+00
2.985556143847514221e+01 2.527824366678447987e+01 -2.785635849995800939e+01 -1.348725898895067665e+01 -2.176134593343010959e+00 -1.212573745991610075e+01
2.970346843830237660e+01 2.522721965703728841e+01 -2.801530672418667578e+01 -1.360076587797871639e+01 -2.163791485281550742e+00 -1.210714562832757224e+01
2.964987512097043520e+01 2.524000179811861599e+01 -2.819087963461779367e+01 -1.371274808770469278e+01 -2.160443153815213790e+00 -1.211886459811106853e+01
2.990019749037007202e+01 2.542803399699232259e+01 -2.836761859131314623e+01 -1.376264150697958577e+01 -2.279630116009608187e+00 -1.228685584460151325e+01
3.000423716862853496e+01 2.540348232163568198e+01 -2.810344082413827849e+01 -1.353071820898890820e+01 -2.499155566603446399e+00 -1.243289533710034611e+01
3.022587616656826626e+01 2.601960610727260814e+01 -2.977233679215324713e+01 -1.467420593875195856e+01 -1.956834424231714831e+00 -1.232423908449242234e+01
2.791190832154022772e+01 2.375572254691438800e+01 -2.673698630114235186e+01 -1.288358035482839625e+01 -2.594304789483488083e+00 -1.179280831257824680e+01
2.823234764900396954e+01 2.480807142439099522e+01 -2.992133433070407733e+01 -1.493233197192885342e+01 -2.139301256729845946e+00 -1.189891436011501824e+01
2.593950196235523009e+01 2.197472818935735006e+01 -2.502301225994336065e+01 -1.171596785155504250e+01 -3.852654726611917546e+00 -1.185556803506108459e+01
2.396840684563031587e+01 1.988882419632135878e+01 -2.203651519345315535e+01 -9.804858696567951171e+00 -4.941735023986232989e+00 -1.169748968529517441e+01
2.190648613385713617e+01 1.771018942202949020e+01 -1.892130722536147758e+01 -7.813991966945251555e+00 -6.069945628477968036e+00 -1.152620642933256256e+01
1.975224961167131355e+01 1.543731129516099898e+01 -1.567529995619067407e+01 -5.742080885912502985e+00 -7.237899496604923044e+00 -1.134148603567390978e+01
1.777445034838202531e+01 1.332551326681366355e+01 -1.265608465388229575e+01 -3.777975369187602794e+00 -8.459074433161916318e+00 -1.125913621619405625e+01
1.547994281918271220e+01 1.088981010460080334e+01 -9.159715182780917786e+00 -1.534777108449225658e+00 -9.751498519529155473e+00 -1.108832515685945452e+01
1.306719045020497205e+01 8.333281346612977813e+00 -5.495514305016927281e+00 8.125029880392260484e-01 -1.109519380341008521e+01 -1.090049841312234769e+01
6.992455997484097630e+00 2.429865792618530307e+00 2.649998539892155058e+00 5.409565199486110032e+00 -1.193282085934763259e+01 -8.974163221109641597e+00
4.084134547753221156e+00 -3.971674581103934454e-01 6.397191953575102730e+00 7.614414744091889453e+00 -1.272118157441192743e+01 -8.302441410997845495e+00
1.317339568703940422e+00 -3.081635127801125584e+00 9.948900240295984077e+00 9.699717765234584732e+00 -1.345486921682529946e+01 -7.654670855127703177e+00
-1.310969585596728271e+00 -5.626623477637617832e+00 1.330938458506878064e+01 1.166809981131439677e+01 -1.413513446738690327e+01 -7.030377706711053776e+00
-3.803806943263049689e+00 -8.035191751669142235e+00 1.648286887048791982e+01 1.352216344667717429e+01 -1.476321705843441556e+01 -6.429092267015171558e+00
-6.164159914590545242e+00 -1.031037217681029894e+01 1.947353967672838593e+01 1.526448825161452660e+01 -1.534034577384428388e+01 -5.850348985362905374e+00
-8.394989292056425967e+00 -1.245516996284136901e+01 2.228554628154611450e+01 1.689763082236395064e+01 -1.586773844903141928e+01 -5.293686459132332267e+00
-1.069982501125672947e+01 -1.462262048270620696e+01 2.508275268517503065e+01 1.846570227724080127e+01 -1.620572849907089719e+01 -4.602301324304039376e+00
-1.641690630434564468e+01 -1.905563856831831515e+01 2.989268557498219181e+01 2.003630849491426247e+01 -1.308548953461617081e+01 -6.686042037990684861e-01
-1.653589220930705750e+01 -1.909029723134951695e+01 2.974001645032271313e+01 1.992911856836208173e+01 -1.308486769669034899e+01 -6.494067001274288486e-01
-1.699267387774766291e+01 -1.937857697257441814e+01 2.987665668765431803e+01 1.989397426360101306e+01 -1.280557994002262490e+01 -3.397572074553640853e-01
-1.763212317258722095e+01 -1.974358709325077044e+01 3.002574403555028937e+01 1.974936555931734716e+01 -1.214116088176430530e+01 2.566942844748782981e-01
-1.749910050845949527e+01 -1.968978664157966207e+01 2.996234538228604194e+01 1.983501686222230376e+01 -1.257743336422869262e+01 -5.228654631599738423e-02
-1.798479393045375119e+01 -1.993732168363960611e+01 3.000419688410261188e+01 1.965220655278061912e+01 -1.195894863761342108e+01 4.636014466277895707e-01
-1.792185366072310870e+01 -1.992948285348884241e+01 2.999743492930483768e+01 1.973627539001159903e+01 -1.228047040101860610e+01 2.493147732842198039e-01
-1.823732306789582580e+01 -2.007551566271324717e+01 2.998144880327905426e+01 1.958142132864226070e+01 -1.184152066244500290e+01 6.031176034929455199e-01
-1.837492342703406933e+01 -2.014352335769640590e+01 2.996417431792062303e+01 1.952475972783241431e+01 -1.171807867897447863e+01 7.149726933017657160e-01
-1.850229382396656774e+01 -2.020358194296762377e+01 2.994254247559211279e+01 1.946518594031188698e+01 -1.158946390246425651e+01 8.267470381675914304e-01
-1.861880781520556738e+01 -2.028897150974307095e+01 2.999724017231190842e+01 1.948546639599801011e+01 -1.158520098041456947e+01 8.666939782263847203e-01
-1.872419535796397838e+01 -2.030343285742539905e+01 2.989452616789014883e+01 1.934963633876874667e+01 -1.134418192276614157e+01 1.033466429739412495e+00
-1.798512085497161195e+01 -1.832673471504716289e+01 2.583840390048628066e+01 1.569972614983915449e+01 -6.522863773035071588e+00 3.395369965921701372e+00
-1.706716696920094378e+01 -1.717294039068842082e+01 2.396790539863429714e+01 1.436232640177479070e+01 -5.420173269045992726e+00 3.640742586992618879e+00
-1.604084307753709737e+01 -1.591630890327262904e+01 2.196436432219542922e+01 1.294891174636950382e+01 -4.296282674256103107e+00 3.856705916435228421e+00
-1.491970960446665018e+01 -1.457060410845856246e+01 1.984678435620210735e+01 1.147119139002273869e+01 -3.156769672785085135e+00 4.045373177469368642e+00
-1.371687528238943443e+01 -1.314913139361068417e+01 1.763353618086024355e+01 9.940484510349909542e+00 -2.007026158419684236e+00 4.208787202730385424e+00
-1.021863975728881968e+01 -8.150615935116659827e+00 9.127908953789969360e+00 3.365310271526462671e+00 4.669576983584480701e+00 6.526364280608642154e+00
-8.059668378872780536e+00 -5.692846997232596351e+00 5.401620097685395194e+00 8.475420424459727542e-01 6.427504534090592969e+00 6.655894683551943913e+00
-5.893565065151188165e+00 -3.243098224113273531e+00 1.705469833668704638e+00 -1.638952218817127715e+00 8.138540521484845414e+00 6.757623805043799337e+00
-3.743466365185330602e+00 -8.248532553775156373e-01 -1.928118097282734311e+00 -4.074194477755453292e+00 9.793168402799945937e+00 6.835157188019293173e+00
-1.631103123047887848e+00 1.539831062490481628e+00 -5.468689920166724505e+00 -6.439420503298212139e+00 1.138244983071377980e+01 6.891881313803088105e+00
4.231995221775388671e-01 3.830324676141859896e+00 -8.887761825957428030e+00 -8.717079867812165261e+00 1.289802465355041505e+01 6.930963602109792454e+00
4.046889780405596326e+00 8.356445918670354800e+00 -1.609771058301997115e+01 -1.392788093341390621e+01 1.740406316103121043e+01 8.009137559999871314e+00
6.223279475461036547e+00 1.076545265574555899e+01 -1.967365920469788421e+01 -1.629770029004592757e+01 1.895220464329910115e+01 8.019739356578622136e+00
7.933747534490109388e+00 1.256988960006756173e+01 -2.226669022318288427e+01 -1.794200073621781044e+01 1.983815918077465312e+01 7.846348668196705844e+00
9.730670185667065653e+00 1.455001758955335589e+01 -2.519586424976268546e+01 -1.987690880151701833e+01 2.108746357948636785e+01 7.839616250335914138e+00
9.237707711290017443e+00 1.349408859244774206e+01 -2.314193675755458912e+01 -1.808698060256557838e+01 1.882601623877514996e+01 6.786316780419758388e+00
9.185685952191320780e+00 1.311816081270641909e+01 -2.227977965258176596e+01 -1.724854218051993016e+01 1.759846967370622650e+01 6.131436522074542594e+00
1.019265500300575233e+01 1.422342992600053790e+01 -2.390976387523752322e+01 -1.832212712269446442e+01 1.828430690404459824e+01 6.120027996365802636e+00
7.148625847726453486e+00 9.973515060600927740e+00 -1.676419268755453729e+01 -1.284508295695093594e+01 1.281541708768062371e+01 4.287681254119120489e+00
7.706553305557995337e+00 1.058501681021211560e+01 -1.766496977642297495e+01 -1.343773566331066682e+01 1.319250873298317295e+01 4.279802689005478555e+00
1.257446314816033528e+01 1.691414974481992317e+01 -2.795098859146281711e+01 -2.104913549402593986e+01 2.019378144088029714e+01 6.251136964252410166e+00
1.312909385087695568e+01 1.752094433155795272e+01 -2.884356611023984485e+01 -2.163560294066670409e+01 2.056507319002822598e+01 6.241391702941730735e+00
1.352787257818124367e+01 1.795702218989658405e+01 -2.948478467628281763e+01 -2.205676535414759698e+01 2.083135674992270125e+01 6.234023452075735605e+00
1.376818539042365153e+01 1.821973016631007880e+01 -2.987098109410380786e+01 -2.231036564001685818e+01 2.099155695291777590e+01 6.229439561584219298e+00
1.384846392381443003e+01 1.830747636868296624e+01 -2.999995744641001139e+01 -2.239504954160340233e+01 2.104502869842586676e+01 6.227884441425060480e+00
